***** 10035 Schleswig Observations at 00Z 05 Jan 1995 *****
-----------------------------------------------------------------------------
   PRES   HGHT   TEMP   DWPT   RELH   MIXR   DRCT   SKNT   THTA   THTE   THTV
    hPa     m      C      C      %    g/kg    deg   knot     K      K      K
-----------------------------------------------------------------------------
 1030.0     48   -6.5   -7.3     94   2.15    150      4  264.4  270.3  264.8
 1009.0    210   -3.7   -7.0     78   2.25    157     14  268.8  275.0  269.1
 1000.0    281   -4.1   -8.0     74   2.10    160     19  269.1  274.9  269.4
  944.0    734   -6.7  -14.7     53   1.30    164     20  270.9  274.6  271.1
  925.0    892   -8.1  -15.1     57   1.29    165     21  271.0  274.7  271.2
  883.0   1250  -11.3  -16.2     67   1.23    157     19  271.3  274.9  271.5
  857.0   1480   -9.5  -42.5      5   0.11    151     18  275.5  275.9  275.6
  851.0   1534   -9.5  -47.5      3   0.06    150     18  276.1  276.3  276.1
  850.0   1543   -9.5  -46.5      3   0.07    150     18  276.2  276.4  276.2
  832.0   1709   -8.5  -41.5      5   0.12    147     18  278.9  279.4  278.9
  820.0   1821   -8.5  -38.5      7   0.17    144     17  280.1  280.7  280.1
  793.0   2081   -8.5  -37.5      8   0.19    139     17  282.8  283.4  282.8
  766.0   2349   -9.5  -40.5      6   0.15    134     16  284.5  285.0  284.5
  744.0   2575   -8.1  -50.1      2   0.05    129     15  288.4  288.6  288.4
  711.0   2926  -10.5  -45.5      4   0.09    122     14  289.5  289.9  289.6
  700.0   3046  -11.1  -42.1      6   0.14    120     14  290.2  290.6  290.2
  606.0   4142  -16.3  -34.3     20   0.35     88     13  296.4  297.6  296.4
  548.0   4891  -21.3  -36.3     25   0.31     65     12  299.1  300.2  299.1
  500.0   5560  -26.7  -40.7     25   0.22     45     11  300.4  301.2  300.5
  490.0   5706  -27.7  -41.7     25   0.20     45     12  300.9  301.7  301.0
  400.0   7130  -39.3  -56.3     15   0.05     40     20  303.8  304.0  303.8
  333.0   8355  -49.1  -74.1      4   0.01     27     21  306.8  306.8  306.8
  300.0   9030  -54.3  -75.3      6   0.00     20     21  308.7  308.7  308.7
  278.0   9515  -57.9  -76.9      7   0.00     22     17  310.3  310.3  310.3
  250.0  10180  -61.3  -80.3      6   0.00     25     12  314.8  314.8  314.8
  245.0  10305  -61.9  -79.9      7   0.00     17     13  315.7  315.8  315.7
  234.0  10589  -64.1  -82.1      7   0.00    360     14  316.6  316.6  316.6
  200.0  11570  -56.5  -76.5      6   0.01    360     27  343.1  343.2  343.1
  189.0  11930  -53.9  -74.9      6   0.01    356     26  352.9  352.9  352.9
  164.0  12837  -55.1  -80.1      3   0.00    346     24  365.5  365.5  365.5
  156.0  13158  -52.7  -80.7      2   0.00    343     23  374.8  374.9  374.8
  150.0  13410  -53.1  -82.1      2   0.00    340     22  378.4  378.4  378.4
  111.0  15334  -56.7  -87.7      1   0.00    333     23  405.6  405.6  405.6
  100.0  15990  -59.9  -89.9      1   0.00    330     23  411.7  411.7  411.7
   93.0  16442  -61.9                         324     25  416.4         416.4
   72.8  17950  -64.7                         303     31  440.7         440.7
   70.0  18190  -64.5                         300     32  446.1         446.1
   57.6  19385  -63.3                         306     37  474.3         474.3
   50.0  20250  -65.9                         310     41  487.8         487.8
   37.0  22057  -70.7                         295     49  519.3         519.3
   30.0  23300  -71.1                         285     55  550.3         550.3
   24.3  24551  -71.5                         282     63  583.2         583.2
   20.0  25700  -73.9                         280     71  609.3         609.3
   15.6  27139  -76.7                                     644.9         644.9
**** Station information and sounding indices ****
                             Station number: 10035
                           Observation time: 950105/0000
                           Station latitude: 54.52
                          Station longitude: 9.55
                          Station elevation: 48.0
                            Showalter index: 20.01
                               Lifted index: 21.91
    LIFT computed using virtual temperature: 21.93
                                SWEAT index: 47.01
                                    K index: -60.30
                         Cross totals index: -19.80
                      Vertical totals index: 17.20
                        Totals totals index: -2.60
      Convective Available Potential Energy: 0.00
             CAPE using virtual temperature: 0.00
                      Convective Inhibition: 0.00
             CINS using virtual temperature: 0.00
                     Bulk Richardson Number: 0.00
          Bulk Richardson Number using CAPV: 0.00
  Temp [K] of the Lifted Condensation Level: 263.67
Pres [hPa] of the Lifted Condensation Level: 938.78
     Mean mixed layer potential temperature: 268.50
              Mean mixed layer mixing ratio: 2.01
              1000 hPa to 500 hPa thickness: 5279.00
Precipitable water [mm] for entire sounding: 3.53
Description of the data_columns or sounding_indices.
[Unknown INPUT type] [Unknown INPUT type]
===============================================================================
Interested in graduate studies in atmospheric science? Check out our program at
the University_of_Wyoming
===============================================================================
Questions about the weather data provided by this site can be addressed to
Larry_Oolman_(ldoolman@uwyo.edu)
===============================================================================
