***** 10035 Schleswig Observations at 12Z 06 Jan 1995 *****
-----------------------------------------------------------------------------
   PRES   HGHT   TEMP   DWPT   RELH   MIXR   DRCT   SKNT   THTA   THTE   THTV
    hPa     m      C      C      %    g/kg    deg   knot     K      K      K
-----------------------------------------------------------------------------
 1016.0     48   -6.1   -7.8     88   2.10    145      8  265.8  271.6  266.2
 1000.0    169   -7.1   -8.4     90   2.04    140     12  266.1  271.7  266.4
  970.0    405   -9.1   -9.8     95   1.88    146     13  266.4  271.6  266.7
  964.0    453   -8.7   -9.2     96   1.99    147     13  267.2  272.7  267.6
  945.0    609   -3.3  -11.3     54   1.71    151     13  274.2  279.2  274.5
  933.0    710   -3.3  -11.3     54   1.74    153     14  275.2  280.3  275.5
  925.0    778   -3.7  -11.7     54   1.70    155     14  275.5  280.4  275.8
  905.0    950   -4.7  -12.7     54   1.60    159     15  276.2  280.9  276.5
  887.0   1109   -2.9  -13.9     42   1.48    162     15  279.7  284.1  279.9
  860.0   1354   -2.5  -32.5      8   0.29    168     17  282.6  283.5  282.6
  850.0   1447   -3.1  -33.1      8   0.28    170     17  282.9  283.8  282.9
  819.0   1740   -4.7  -35.7      7   0.22    173     17  284.2  285.0  284.2
  809.0   1837   -4.5  -47.5      2   0.07    174     17  285.4  285.7  285.4
  788.0   2044   -3.7  -37.7      5   0.19    176     17  288.4  289.1  288.5
  700.0   2966  -10.9  -28.9     21   0.50    185     18  290.4  292.1  290.5
  675.0   3244  -13.3  -28.3     27   0.55    187     17  290.7  292.6  290.8
  666.0   3346  -13.7  -28.7     27   0.54    187     16  291.4  293.2  291.5
  577.0   4423  -20.5  -50.5      5   0.06    194     11  295.6  295.9  295.6
  569.0   4526  -21.1  -30.1     44   0.55    194     10  296.1  298.0  296.2
  557.0   4683  -22.1  -30.1     48   0.57    195      9  296.7  298.7  296.8
  545.0   4843  -23.1  -48.1      8   0.09    196      8  297.4  297.7  297.4
  522.0   5158  -25.1  -29.6     66   0.63    198      7  298.7  300.8  298.8
  503.0   5427  -26.5  -31.1     65   0.57    200      5  300.2  302.1  300.3
  500.0   5470  -26.9  -31.5     65   0.55    200      5  300.2  302.1  300.3
  476.0   5823  -29.7  -33.9     67   0.46    203      6  301.0  302.6  301.1
  405.0   6955  -38.1  -47.1     38   0.14    214     10  304.3  304.8  304.3
  400.0   7040  -38.9  -47.9     38   0.13    215     10  304.4  304.8  304.4
  356.0   7828  -46.3  -52.3     50   0.09    245     12  304.7  305.1  304.7
  342.0   8094  -48.7  -54.7     50   0.07    256     12  305.0  305.2  305.0
  326.0   8409  -49.3  -56.3     44   0.06    268     13  308.4  308.6  308.4
  300.0   8950  -53.3  -60.3     42   0.04    290     14  310.1  310.3  310.1
  274.0   9525  -57.3  -64.3     41   0.02    270     12  312.5  312.6  312.5
  250.0  10100  -57.9  -66.9     31   0.02    250     14  319.9  319.9  319.9
  225.0  10766  -58.5  -71.5     17   0.01    252     10  328.7  328.8  328.7
  219.0  10938  -54.3  -68.3     16   0.02    253      9  337.8  337.8  337.8
  200.0  11520  -55.5  -74.5      8   0.01    255      6  344.7  344.8  344.7
  198.0  11584  -55.7  -75.7      7   0.01    255      6  345.4  345.4  345.4
  195.0  11681  -56.1  -76.1      6   0.01    255      7  346.3  346.3  346.3
  182.0  12123  -52.3  -76.3      4   0.01    255      9  359.3  359.4  359.3
  170.0  12563  -53.1  -81.1      2   0.00    255     12  365.1  365.1  365.1
  156.0  13122  -48.1  -82.1      1   0.00    255     15  382.7  382.7  382.7
  150.0  13380  -49.1  -83.1      1   0.00    255     16  385.2  385.3  385.2
  100.0  15980  -59.3  -90.3      1   0.00    245     25  412.9  412.9  412.9
   70.0  18200  -61.7                         265     24  452.0         452.0
   50.0  20270  -63.5                         260     33  493.4         493.4
   48.3  20482  -63.7                         261     34  497.9         497.9
   39.5  21695  -69.3                         265     41  513.2         513.2
   30.0  23330  -70.1                         270     51  553.0         553.0
   28.1  23718  -70.3                         268     54  562.9         562.9
   20.0  25710  -75.1                         260     71  605.6         605.6
   16.0  26994  -77.9                         265     80  636.4         636.4
   10.7  29314  -74.3                         274     96  727.0         727.0
   10.0  29710  -72.5                         275     99  747.9         747.9
**** Station information and sounding indices ****
                             Station number: 10035
                           Observation time: 950106/1200
                           Station latitude: 54.52
                          Station longitude: 9.55
                          Station elevation: 48.0
                            Showalter index: 14.02
                               Lifted index: 23.17
    LIFT computed using virtual temperature: 23.24
                                SWEAT index: 38.99
                                    K index: -27.30
                         Cross totals index: -6.20
                      Vertical totals index: 23.80
                        Totals totals index: 17.60
      Convective Available Potential Energy: 0.00
             CAPE using virtual temperature: 0.00
                      Convective Inhibition: 0.00
             CINS using virtual temperature: 0.00
                     Bulk Richardson Number: 0.00
          Bulk Richardson Number using CAPV: 0.00
  Temp [K] of the Lifted Condensation Level: 263.84
Pres [hPa] of the Lifted Condensation Level: 962.32
     Mean mixed layer potential temperature: 266.77
              Mean mixed layer mixing ratio: 1.97
              1000 hPa to 500 hPa thickness: 5301.00
Precipitable water [mm] for entire sounding: 4.35
Description of the data_columns or sounding_indices.
[Unknown INPUT type] [Unknown INPUT type]
===============================================================================
Interested in graduate studies in atmospheric science? Check out our program at
the University_of_Wyoming
===============================================================================
Questions about the weather data provided by this site can be addressed to
Larry_Oolman_(ldoolman@uwyo.edu)
===============================================================================
