***** 10035 Schleswig Observations at 00Z 07 Jan 1995 *****
-----------------------------------------------------------------------------
   PRES   HGHT   TEMP   DWPT   RELH   MIXR   DRCT   SKNT   THTA   THTE   THTV
    hPa     m      C      C      %    g/kg    deg   knot     K      K      K
-----------------------------------------------------------------------------
 1021.0     48   -6.1   -7.3     91   2.17    230      2  265.5  271.4  265.8
 1000.0    211   -6.7   -9.1     83   1.93     95      8  266.4  271.8  266.8
  987.0    313   -6.9   -9.0     85   1.97     77      7  267.2  272.7  267.6
  961.0    521   -8.5  -10.1     88   1.85     41      5  267.7  272.9  268.0
  954.0    578   -8.5  -10.0     89   1.88     32      4  268.2  273.5  268.5
  942.0    677   -4.9  -11.9     58   1.64     15      3  272.9  277.6  273.1
  925.0    820   -4.5  -13.5     49   1.47    350      2  274.7  279.0  274.9
  910.0    949   -4.3  -14.3     46   1.40      2      3  276.2  280.3  276.4
  879.0   1221   -5.5  -17.5     38   1.11     26      6  277.7  281.0  277.9
  850.0   1484   -4.9  -24.9     19   0.60     50      9  281.0  282.9  281.1
  822.0   1748   -4.5  -53.5      1   0.03     41      9  284.1  284.2  284.1
  816.0   1805   -4.7  -53.7      1   0.03     38      9  284.5  284.6  284.5
  799.0   1971   -4.7  -53.7      1   0.03     32      8  286.2  286.4  286.2
  793.0   2030   -4.7  -53.7      1   0.03     30      8  286.8  287.0  286.9
  759.0   2374   -6.7  -42.7      4   0.12     18      8  288.3  288.7  288.3
  743.0   2540   -8.1  -34.1     10   0.29     12      8  288.5  289.5  288.6
  700.0   3001  -10.3  -37.3      9   0.22    355      7  291.1  291.8  291.1
  699.0   3012  -10.3  -37.3      9   0.22    355      7  291.2  291.9  291.2
  689.0   3123  -11.1  -29.1     21   0.50    355      7  291.5  293.2  291.6
  585.0   4360  -19.5  -62.5      1   0.01    352      5  295.6  295.7  295.6
  571.0   4540  -20.5  -30.5     40   0.53    352      5  296.5  298.3  296.6
  546.0   4870  -23.3  -31.3     48   0.52    351      5  297.0  298.8  297.1
  531.0   5073  -23.9  -27.5     72   0.76    351      5  298.7  301.2  298.8
  517.0   5268  -25.7  -28.1     80   0.74    351      4  298.8  301.2  298.9
  500.0   5510  -27.1  -32.0     63   0.53    350      4  299.9  301.8  300.0
  495.0   5582  -27.5  -33.5     57   0.46    348      4  300.3  301.9  300.4
  450.0   6257  -32.7  -40.7     45   0.24    326      7  302.1  303.0  302.1
  400.0   7070  -39.7  -46.7     47   0.14    300     11  303.3  303.9  303.3
  314.0   8677  -53.5  -59.5     48   0.04    286     13  305.8  306.0  305.8
  309.0   8780  -54.1  -60.1     48   0.04    285     13  306.4  306.5  306.4
  300.0   8970  -53.7  -61.7     37   0.03    295     13  309.6  309.7  309.6
  282.0   9370  -52.9  -66.9     17   0.02    307     17  316.2  316.3  316.2
  264.0   9798  -53.1  -71.1      9   0.01    320     21  321.9  322.0  321.9
  250.0  10150  -53.7  -72.7      8   0.01    330     24  326.1  326.1  326.1
  208.0  11329  -55.1  -83.1      2   0.00    338     26  341.5  341.5  341.5
  200.0  11580  -54.9  -82.9      2   0.00    340     27  345.7  345.7  345.7
  165.0  12810  -53.3  -85.3      1   0.00    317     23  367.9  367.9  367.9
  150.0  13420  -54.9  -86.9      1   0.00    305     21  375.3  375.3  375.3
  139.0  13906  -56.3  -87.3      1   0.00    298     21  381.1  381.1  381.1
  123.0  14686  -54.5  -86.5      1   0.00    288     21  397.9  397.9  397.9
  100.0  16000  -58.7  -89.7      1   0.00    270     22  414.0  414.1  414.0
   70.0  18230  -60.5                         275     35  454.6         454.6
   62.9  18897  -60.9                         277     32  467.8         467.8
   50.0  20310  -66.1                         280     25  487.3         487.3
   47.6  20607  -67.1                         278     27  491.8         491.8
   41.6  21421  -66.7                         273     33  512.1         512.1
   35.5  22367  -71.7                         267     40  522.9         522.9
   32.6  22874  -68.3                         263     43  544.8         544.8
   30.0  23370  -70.3                         260     47  552.4         552.4
   25.0  24435  -74.5                         271     54  569.9         569.9
   23.1  24895  -72.3                         276     57  589.4         589.4
   20.0  25730  -75.9                         285     63  603.2         603.2
   19.3  25937  -76.7                         285     65  606.9         606.9
   15.6  27188  -71.1                         283     78  663.3         663.3
   10.0  29870  -66.3                         280    105  771.0         771.0
**** Station information and sounding indices ****
                             Station number: 10035
                           Observation time: 950107/0000
                           Station latitude: 54.52
                          Station longitude: 9.55
                          Station elevation: 48.0
                            Showalter index: 14.53
                               Lifted index: 22.92
    LIFT computed using virtual temperature: 22.99
                                SWEAT index: 21.99
                                    K index: -29.70
                         Cross totals index: 2.20
                      Vertical totals index: 22.20
                        Totals totals index: 24.40
      Convective Available Potential Energy: 0.00
             CAPE using virtual temperature: 0.00
                      Convective Inhibition: 0.00
             CINS using virtual temperature: 0.00
                     Bulk Richardson Number: 0.00
          Bulk Richardson Number using CAPV: 0.00
  Temp [K] of the Lifted Condensation Level: 263.73
Pres [hPa] of the Lifted Condensation Level: 959.86
     Mean mixed layer potential temperature: 266.86
              Mean mixed layer mixing ratio: 1.96
              1000 hPa to 500 hPa thickness: 5299.00
Precipitable water [mm] for entire sounding: 4.14
Description of the data_columns or sounding_indices.
[Unknown INPUT type] [Unknown INPUT type]
===============================================================================
Interested in graduate studies in atmospheric science? Check out our program at
the University_of_Wyoming
===============================================================================
Questions about the weather data provided by this site can be addressed to
Larry_Oolman_(ldoolman@uwyo.edu)
===============================================================================
