***** 10035 Schleswig Observations at 00Z 02 Jan 1995 *****
-----------------------------------------------------------------------------
   PRES   HGHT   TEMP   DWPT   RELH   MIXR   DRCT   SKNT   THTA   THTE   THTV
    hPa     m      C      C      %    g/kg    deg   knot     K      K      K
-----------------------------------------------------------------------------
 1000.0    -85
  984.0     48   -0.5   -1.2     95   3.58    320      4  273.9  283.8  274.5
  972.0    146    0.2   -0.9     92   3.70    319      7  275.6  285.9  276.2
  925.0    539   -2.3   -3.2     94   3.28    315     18  276.9  286.2  277.5
  876.0    969   -4.7   -5.4     95   2.93    289     17  278.8  287.2  279.3
  850.0   1205   -6.3   -7.2     93   2.63    275     16  279.5  287.1  280.0
  828.0   1410   -7.7   -8.8     92   2.38    278     17  280.2  287.1  280.6
  798.0   1696   -9.9  -11.1     91   2.06    282     18  280.8  286.8  281.1
  715.0   2532  -16.5  -19.0     81   1.20    293     21  282.5  286.1  282.7
  700.0   2691  -17.7  -20.3     80   1.09    295     22  282.9  286.2  283.0
  640.0   3355  -22.5  -25.3     78   0.77    302     24  284.7  287.2  284.9
  559.0   4331  -31.1  -34.4     73   0.37    312     27  285.8  287.0  285.9
  500.0   5110  -38.1  -42.8     61   0.18    320     30  286.5  287.1  286.6
  440.0   5974  -45.9  -52.9     45   0.06    317     33  287.3  287.6  287.3
  401.0   6584  -50.9  -57.9     43   0.04    315     36  288.6  288.7  288.6
  400.0   6600  -50.7  -57.7     43   0.04    315     36  289.0  289.2  289.0
  390.0   6766  -49.3  -56.3     44   0.05    315     36  292.9  293.1  293.0
  351.0   7452  -52.3  -61.3     33   0.03    317     36  297.9  298.0  297.9
  324.0   7969  -52.5  -62.5     29   0.03    319     35  304.5  304.6  304.5
  308.0   8298  -51.1  -61.1     29   0.03    320     35  310.9  311.0  310.9
  300.0   8470  -48.5  -58.5     30   0.05    320     35  316.9  317.1  316.9
  298.0   8514  -48.1  -58.1     30   0.05    320     35  318.1  318.3  318.1
  254.0   9566  -48.9  -58.9     30   0.05    311     33  331.7  332.0  331.7
  250.0   9670  -48.1  -58.1     30   0.06    310     33  334.4  334.7  334.4
  235.0  10081  -45.3  -56.3     28   0.08    307     36  344.6  345.0  344.6
  209.0  10859  -47.9  -58.9     27   0.06    302     42  352.3  352.6  352.3
  200.0  11150  -47.5  -58.5     27   0.07    300     44  357.4  357.7  357.4
  185.0  11665  -46.5  -57.5     27   0.09    299     42  367.1  367.5  367.1
  150.0  13050  -47.5  -58.5     27   0.10    295     37  388.0  388.5  388.0
  124.0  14305  -48.3  -58.3     30   0.12    289     50  408.2  408.9  408.3
  109.0  15150  -50.5  -61.5     26   0.09    285     58  419.4  419.9  419.4
  100.0  15710  -51.9  -63.9     22   0.07    290     54  427.2  427.6  427.2
   81.5  17024  -56.5                         284     53  443.5         443.5
   70.0  17990  -57.1                         280     53  461.9         461.9
   65.5  18413  -57.5                         277     54  469.9         469.9
   52.3  19814  -66.1                         267     57  481.1         481.1
   50.0  20090  -64.1                         265     58  492.0         492.0
   47.0  20470  -61.5                         265     60  507.0         507.0
   40.9  21317  -66.7                         265     64  514.6         514.6
   36.6  21990  -64.7                         265     68  536.3         536.3
   30.0  23190  -67.7                         265     74  559.5         559.5
   25.6  24144  -69.9                         267     85  579.2         579.2
   20.0  25630  -67.5                         270    103  628.9         628.9
   17.8  26334  -66.3                                     653.9         653.9
   14.7  27483  -69.7                                     679.3         679.3
**** Station information and sounding indices ****
                             Station number: 10035
                           Observation time: 950102/0000
                           Station latitude: 54.52
                          Station longitude: 9.55
                          Station elevation: 48.0
                            Showalter index: 0.29
                               Lifted index: 1.34
    LIFT computed using virtual temperature: 1.33
                                SWEAT index: 336.00
                                    K index: 22.00
                         Cross totals index: 30.90
                      Vertical totals index: 31.80
                        Totals totals index: 62.70
      Convective Available Potential Energy: 0.00
             CAPE using virtual temperature: 0.00
                      Convective Inhibition: 0.00
             CINS using virtual temperature: 0.00
                     Bulk Richardson Number: 0.00
          Bulk Richardson Number using CAPV: 0.00
  Temp [K] of the Lifted Condensation Level: 271.07
Pres [hPa] of the Lifted Condensation Level: 939.50
     Mean mixed layer potential temperature: 275.97
              Mean mixed layer mixing ratio: 3.52
              1000 hPa to 500 hPa thickness: 5195.00
Precipitable water [mm] for entire sounding: 8.70
Description of the data_columns or sounding_indices.
[Unknown INPUT type] [Unknown INPUT type]
===============================================================================
Interested in graduate studies in atmospheric science? Check out our program at
the University_of_Wyoming
===============================================================================
Questions about the weather data provided by this site can be addressed to
Larry_Oolman_(ldoolman@uwyo.edu)
===============================================================================
