***** 10035 Schleswig Observations at 00Z 09 Jan 1995 *****
-----------------------------------------------------------------------------
   PRES   HGHT   TEMP   DWPT   RELH   MIXR   DRCT   SKNT   THTA   THTE   THTV
    hPa     m      C      C      %    g/kg    deg   knot     K      K      K
-----------------------------------------------------------------------------
 1014.0     48    0.0   -0.4     97   3.68    240      7  272.1  282.1  272.7
 1000.0    155    0.0   -0.1     99   3.81    270      8  273.1  283.6  273.8
  993.0    211    1.4    1.4    100   4.28    275     10  275.1  286.9  275.8
  980.0    318    1.8    1.8    100   4.47    284     14  276.5  288.9  277.3
  954.0    535    2.2   -1.2     78   3.69    303     21  279.1  289.5  279.7
  925.0    783    0.2   -2.2     84   3.53    325     30  279.5  289.5  280.1
  896.0   1038   -1.7   -3.1     90   3.41    314     28  280.1  289.8  280.7
  885.0   1136   -1.5   -2.1     96   3.72    309     27  281.3  291.9  281.9
  870.0   1272   -2.1   -2.7     96   3.62    303     26  282.1  292.4  282.7
  855.0   1410   -2.3   -3.1     94   3.57    297     24  283.2  293.5  283.9
  850.0   1457   -2.5   -3.3     94   3.54    295     24  283.5  293.7  284.1
  821.0   1732   -4.1   -4.9     94   3.25    294     24  284.6  294.1  285.2
  806.0   1878   -2.1   -8.1     63   2.59    294     24  288.3  296.0  288.7
  782.0   2118   -3.9   -7.2     78   2.86    293     24  288.9  297.4  289.4
  763.0   2312   -3.7  -52.7      1   0.04    292     23  291.1  291.2  291.1
  700.0   2987   -7.5  -45.5      3   0.09    290     23  294.1  294.5  294.2
  678.0   3235   -8.9  -43.9      4   0.12    290     24  295.3  295.7  295.3
  620.0   3919  -14.3  -43.3      7   0.13    288     25  296.7  297.2  296.8
  581.0   4409  -16.5  -49.5      4   0.07    287     26  299.7  300.0  299.7
  551.0   4805  -18.9  -40.9     12   0.20    286     27  301.4  302.2  301.5
  500.0   5520  -24.3  -35.3     35   0.38    285     29  303.4  304.7  303.4
  481.0   5802  -26.5  -35.5     42   0.39    283     30  304.0  305.4  304.1
  474.0   5908  -27.3  -36.3     42   0.36    283     30  304.3  305.6  304.4
  400.0   7110  -37.5  -49.5     27   0.10    275     33  306.2  306.6  306.2
  370.0   7642  -42.1  -57.1     18   0.05    271     34  307.0  307.1  307.0
  314.0   8726  -51.7  -64.7     20   0.02    262     36  308.3  308.4  308.3
  300.0   9020  -53.7  -66.7     19   0.02    260     37  309.6  309.6  309.6
  279.0   9483  -56.7  -69.7     18   0.01    262     38  311.7  311.8  311.7
  250.0  10170  -62.3  -75.3     16   0.01    265     40  313.3  313.4  313.3
  249.0  10195  -62.5  -75.5     16   0.01    265     40  313.4  313.4  313.4
  231.0  10659  -59.9  -72.9     17   0.01    268     41  324.1  324.2  324.1
  219.0  10991  -60.5  -74.5     14   0.01    271     41  328.2  328.2  328.2
  200.0  11560  -56.3  -74.3      9   0.01    275     42  343.4  343.5  343.4
  196.0  11689  -55.3  -74.3      8   0.01    276     42  347.0  347.1  347.0
  170.0  12590  -58.7  -82.7      3   0.00    281     40  355.8  355.8  355.8
  161.0  12934  -57.1  -84.1      2   0.00    283     40  364.1  364.1  364.1
  155.0  13173  -58.5  -85.5      2   0.00    284     39  365.6  365.7  365.6
  150.0  13380  -57.5  -85.5      2   0.00    285     39  370.8  370.8  370.8
  136.0  14003  -54.5  -86.5      1   0.00    285     38  386.6  386.6  386.6
  100.0  15960  -57.5  -88.5      1   0.00    285     36  416.4  416.4  416.4
   74.4  17812  -61.9                         277     43  443.8         443.8
   70.0  18190  -61.1                         275     45  453.3         453.3
   68.2  18351  -60.7                         275     46  457.6         457.6
   50.0  20250  -65.5                         280     55  488.7         488.7
   42.6  21221  -67.7                         278     58  506.2         506.2
   30.0  23350  -65.1                         275     63  566.6         566.6
   26.3  24151  -64.1                         273     66  591.1         591.1
   20.0  25800  -69.5                         270     71  622.7         622.7
   18.0  26429  -71.5                         269     73  635.5         635.5
   14.3  27813  -66.9                         268     77  694.1         694.1
   11.6  29074  -70.5                         266     81  724.0         724.0
   10.0  29960  -70.5                         265     84  755.4         755.4
**** Station information and sounding indices ****
                             Station number: 10035
                           Observation time: 950109/0000
                           Station latitude: 54.52
                          Station longitude: 9.55
                          Station elevation: 48.0
                            Showalter index: 9.16
                               Lifted index: 14.20
    LIFT computed using virtual temperature: 14.22
                                SWEAT index: 77.02
                                    K index: -19.50
                         Cross totals index: 21.00
                      Vertical totals index: 21.80
                        Totals totals index: 42.80
      Convective Available Potential Energy: 0.00
             CAPE using virtual temperature: 0.00
                      Convective Inhibition: 0.00
             CINS using virtual temperature: 0.00
                     Bulk Richardson Number: 0.00
          Bulk Richardson Number using CAPV: 0.00
  Temp [K] of the Lifted Condensation Level: 273.41
Pres [hPa] of the Lifted Condensation Level: 970.06
     Mean mixed layer potential temperature: 275.82
              Mean mixed layer mixing ratio: 4.05
              1000 hPa to 500 hPa thickness: 5365.00
Precipitable water [mm] for entire sounding: 9.38
Description of the data_columns or sounding_indices.
[Unknown INPUT type] [Unknown INPUT type]
===============================================================================
Interested in graduate studies in atmospheric science? Check out our program at
the University_of_Wyoming
===============================================================================
Questions about the weather data provided by this site can be addressed to
Larry_Oolman_(ldoolman@uwyo.edu)
===============================================================================
