***** 10035 Schleswig Observations at 12Z 02 Jan 1995 *****
-----------------------------------------------------------------------------
   PRES   HGHT   TEMP   DWPT   RELH   MIXR   DRCT   SKNT   THTA   THTE   THTV
    hPa     m      C      C      %    g/kg    deg   knot     K      K      K
-----------------------------------------------------------------------------
 1000.0     29
  998.0     48   -1.1   -3.3     85   3.02    340     11  272.2  280.6  272.7
  978.0    208   -2.1   -5.6     77   2.59    347     17  272.8  280.0  273.2
  935.0    562   -5.3   -6.8     89   2.47      1     31  273.0  280.0  273.4
  925.0    646   -5.9   -7.2     91   2.42      5     34  273.3  280.1  273.7
  896.0    895   -7.7   -8.5     94   2.26      7     36  273.9  280.3  274.3
  885.0    991   -8.5   -9.2     95   2.16      8     36  274.1  280.2  274.4
  863.0   1187   -7.5  -12.5     67   1.70      9     37  277.1  282.1  277.4
  850.0   1305   -8.3  -15.3     57   1.38     10     38  277.4  281.5  277.7
  847.0   1332   -8.5  -15.5     57   1.36     10     38  277.5  281.5  277.7
  830.0   1489   -9.5  -16.5     57   1.28     10     38  278.1  281.9  278.3
  746.0   2302  -16.7  -22.7     60   0.83     10     35  278.9  281.4  279.0
  700.0   2776  -21.1  -24.4     75   0.76     10     34  279.1  281.4  279.2
  656.0   3251  -25.7  -27.1     88   0.64     12     35  279.1  281.1  279.2
  650.0   3318  -24.5  -26.4     84   0.68     12     35  281.2  283.4  281.3
  640.0   3431  -24.5  -29.4     64   0.53     13     35  282.5  284.2  282.6
  604.0   3852  -26.7  -31.7     63   0.45     14     35  284.6  286.1  284.7
  589.0   4033  -27.5  -40.5     28   0.19     15     36  285.8  286.4  285.8
  540.0   4652  -32.3  -43.3     33   0.15     18     36  287.2  287.8  287.2
  500.0   5190  -37.3  -47.3     35   0.11     20     37  287.5  287.9  287.5
  407.0   6567  -50.1  -59.1     34   0.03     11     43  288.4  288.5  288.4
  400.0   6680  -50.7  -59.7     34   0.03     10     43  289.0  289.1  289.0
  397.0   6729  -50.9  -59.9     33   0.03     10     45  289.4  289.5  289.4
  387.0   6896  -48.3  -59.3     27   0.03     10     45  294.9  295.0  294.9
  346.0   7634  -47.9  -66.9      9   0.01      8     43  305.0  305.1  305.0
  309.0   8377  -49.9  -72.9      5   0.01      6     41  312.3  312.3  312.3
  300.0   8570  -50.7  -74.7      4   0.01      5     41  313.8  313.8  313.8
  287.0   8858  -51.9  -75.9      4   0.00      5     43  316.1  316.1  316.1
  277.0   9089  -50.1  -75.1      4   0.01      4     43  321.9  321.9  321.9
  250.0   9760  -50.5  -76.5      3   0.00    360     42  330.9  330.9  330.9
  225.0  10444  -51.1  -80.1      2   0.00    351     38  340.1  340.1  340.1
  200.0  11210  -49.9  -80.9      1   0.00    340     33  353.6  353.6  353.6
  172.0  12202  -48.1  -82.1      1   0.00    330     34  372.1  372.1  372.1
  150.0  13100  -50.5  -83.5      1   0.00    320     35  382.9  382.9  382.9
  140.0  13550  -51.7  -84.7      1   0.00    317     35  388.4  388.4  388.4
  100.0  15740  -51.5  -84.5      1   0.00    300     37  427.9  428.0  427.9
   70.0  18000  -60.9                         285     48  453.8         453.8
   66.1  18355  -62.3                         282     48  458.2         458.2
   59.2  19041  -59.7                         278     49  478.7         478.7
   50.0  20090  -62.5                         270     50  495.8         495.8
   38.3  21709  -66.5                         273     61  524.9         524.9
   35.6  22151  -63.5                         273     65  543.7         543.7
   30.0  23190  -65.7                         275     72  565.0         565.0
   28.3  23544  -66.5                         274     74  572.2         572.2
   24.5  24422  -64.7                         273     80  601.5         601.5
   20.0  25650  -68.7                         270     88  625.2         625.2
   17.5  26447  -70.9                         269     96  642.5         642.5
   12.5  28452  -69.7                         267    116  711.5         711.5
   10.0  29780  -71.1                         265    130  753.2         753.2
**** Station information and sounding indices ****
                             Station number: 10035
                           Observation time: 950102/1200
                           Station latitude: 54.52
                          Station longitude: 9.55
                          Station elevation: 48.0
                            Showalter index: 5.40
                               Lifted index: 6.54
    LIFT computed using virtual temperature: 6.54
                                SWEAT index: 153.00
                                    K index: 10.40
                         Cross totals index: 22.00
                      Vertical totals index: 29.00
                        Totals totals index: 51.00
      Convective Available Potential Energy: 0.00
             CAPE using virtual temperature: 0.00
                      Convective Inhibition: 0.00
             CINS using virtual temperature: 0.00
                     Bulk Richardson Number: 0.00
          Bulk Richardson Number using CAPV: 0.00
  Temp [K] of the Lifted Condensation Level: 266.99
Pres [hPa] of the Lifted Condensation Level: 927.96
     Mean mixed layer potential temperature: 272.77
              Mean mixed layer mixing ratio: 2.62
              1000 hPa to 500 hPa thickness: 5161.00
Precipitable water [mm] for entire sounding: 5.93
Description of the data_columns or sounding_indices.
[Unknown INPUT type] [Unknown INPUT type]
===============================================================================
Interested in graduate studies in atmospheric science? Check out our program at
the University_of_Wyoming
===============================================================================
Questions about the weather data provided by this site can be addressed to
Larry_Oolman_(ldoolman@uwyo.edu)
===============================================================================
