***** 10035 Schleswig Observations at 00Z 08 Jan 1995 *****
-----------------------------------------------------------------------------
   PRES   HGHT   TEMP   DWPT   RELH   MIXR   DRCT   SKNT   THTA   THTE   THTV
    hPa     m      C      C      %    g/kg    deg   knot     K      K      K
-----------------------------------------------------------------------------
 1030.0     48   -7.9   -9.0     92   1.89    190      6  263.0  268.2  263.3
 1000.0    279   -9.3  -10.2     93   1.77    190     16  263.9  268.7  264.1
  979.0    443  -10.3  -11.1     94   1.68    189     14  264.4  269.1  264.7
  938.0    778   -2.5   -9.5     59   1.99    186     11  275.6  281.4  276.0
  925.0    889   -2.5  -10.5     54   1.87    185     10  276.8  282.2  277.1
  918.0    949   -2.7  -11.7     50   1.71    172      9  277.1  282.1  277.4
  906.0   1054   -2.9  -12.9     46   1.57    149      8  278.0  282.6  278.2
  894.0   1160   -0.5  -18.5     24   1.00    127      7  281.5  284.6  281.7
  855.0   1517    0.6  -24.4     13   0.62     50      3  286.3  288.3  286.4
  850.0   1564    0.4  -23.6     15   0.67     40      2  286.6  288.7  286.7
  787.0   2178   -2.7  -17.7     31   1.22     24      6  289.6  293.4  289.8
  777.0   2279   -2.9  -31.9      9   0.34     22      7  290.4  291.6  290.5
  730.0   2770   -5.7  -44.7      3   0.10      9     10  292.6  293.0  292.6
  707.0   3020   -7.1  -40.1      5   0.17      2     11  293.8  294.4  293.8
  700.0   3098   -7.1  -44.1      3   0.11    360     12  294.6  295.0  294.6
  692.0   3188   -6.9  -48.9      2   0.07      1     13  295.8  296.0  295.8
  687.0   3244   -7.3  -49.3      2   0.06      1     13  295.9  296.2  296.0
  666.0   3486   -6.7  -54.7      1   0.03      2     15  299.3  299.4  299.3
  630.0   3917   -9.7  -56.7      1   0.03      5     18  300.6  300.7  300.6
  588.0   4447  -12.3  -26.3     30   0.76      8     21  303.6  306.2  303.7
  580.0   4551  -12.3  -30.3     21   0.53      8     22  304.8  306.6  304.9
  507.0   5566  -18.7  -24.7     59   1.02     14     29  308.9  312.5  309.1
  500.0   5670  -19.3  -25.3     59   0.98     15     30  309.4  312.8  309.6
  479.0   5989  -20.9  -26.9     59   0.89     11     32  311.3  314.4  311.5
  463.0   6240  -23.1  -28.1     64   0.82      8     33  311.6  314.5  311.7
  400.0   7300  -30.3  -37.3     50   0.39    355     40  315.5  317.0  315.6
  391.0   7461  -31.5  -38.5     50   0.35    356     41  316.0  317.3  316.1
  356.0   8118  -35.1  -50.1     20   0.11    359     43  319.8  320.2  319.8
  335.0   8537  -39.1  -54.1     19   0.07      1     45  319.9  320.2  319.9
  300.0   9280  -46.3  -59.3     21   0.04      5     48  320.0  320.2  320.0
  265.0  10096  -54.3  -64.3     28   0.03    358     52  319.8  319.9  319.9
  250.0  10470  -57.1  -67.1     27   0.02    355     54  321.1  321.1  321.1
  200.0  11840  -67.1  -79.1     17   0.00    355     59  326.4  326.4  326.4
  186.0  12277  -70.3  -82.3     16   0.00      3     47  328.0  328.0  328.0
  178.0  12539  -69.7  -81.7     16   0.00      8     40  333.1  333.1  333.1
  166.0  12954  -72.5  -84.5     15   0.00     15     29  335.2  335.2  335.2
  152.0  13480  -68.3  -80.3     16   0.00    358     31  350.9  350.9  350.9
  150.0  13560  -67.1  -79.1     17   0.01    355     31  354.3  354.3  354.3
  144.0  13809  -62.7  -75.7     16   0.01    350     31  366.1  366.2  366.1
  137.0  14116  -62.5  -77.5     12   0.01    345     31  371.7  371.8  371.7
  130.0  14444  -56.7  -73.7     10   0.01    339     31  387.7  387.8  387.7
  100.0  16080  -63.3  -89.3      2   0.00    310     30  405.2  405.2  405.2
   89.8  16749  -59.3                         298     29  425.8         425.8
   70.0  18300  -62.9                         270     27  449.5         449.5
   53.5  19932  -66.7                         282     34  476.6         476.6
   50.0  20340  -66.3                         285     36  486.8         486.8
   36.6  22236  -64.3                         276     37  537.4         537.4
   30.0  23440  -67.9                         270     38  559.0         559.0
   25.0  24524  -71.1                         279     51  579.7         579.7
   22.0  25279  -70.3                         285     59  603.6         603.6
   20.0  25850  -65.9                         290     66  633.7         633.7
   17.5  26676  -59.9                         288     69  677.5         677.5
   13.0  28518  -64.9                         284     74  720.2         720.2
   10.0  30130  -63.5                         280     79  781.5         781.5
**** Station information and sounding indices ****
                             Station number: 10035
                           Observation time: 950108/0000
                           Station latitude: 54.52
                          Station longitude: 9.55
                          Station elevation: 48.0
                            Showalter index: 17.87
                               Lifted index: 33.27
    LIFT computed using virtual temperature: 33.41
                                SWEAT index: 33.99
                                    K index: -40.90
                         Cross totals index: -4.30
                      Vertical totals index: 19.70
                        Totals totals index: 15.40
      Convective Available Potential Energy: 0.00
             CAPE using virtual temperature: 0.00
                      Convective Inhibition: 0.00
             CINS using virtual temperature: 0.00
                     Bulk Richardson Number: 0.00
          Bulk Richardson Number using CAPV: 0.00
  Temp [K] of the Lifted Condensation Level: 262.73
Pres [hPa] of the Lifted Condensation Level: 980.47
     Mean mixed layer potential temperature: 264.23
              Mean mixed layer mixing ratio: 1.77
              1000 hPa to 500 hPa thickness: 5391.00
Precipitable water [mm] for entire sounding: 5.45
Description of the data_columns or sounding_indices.
[Unknown INPUT type] [Unknown INPUT type]
===============================================================================
Interested in graduate studies in atmospheric science? Check out our program at
the University_of_Wyoming
===============================================================================
Questions about the weather data provided by this site can be addressed to
Larry_Oolman_(ldoolman@uwyo.edu)
===============================================================================
