***** 10035 Schleswig Observations at 12Z 08 Jan 1995 *****
-----------------------------------------------------------------------------
   PRES   HGHT   TEMP   DWPT   RELH   MIXR   DRCT   SKNT   THTA   THTE   THTV
    hPa     m      C      C      %    g/kg    deg   knot     K      K      K
-----------------------------------------------------------------------------
 1021.0     48   -3.7   -5.5     87   2.50    195     12  267.9  274.7  268.3
 1009.0    142   -4.1   -6.7     82   2.30    201     18  268.4  274.7  268.7
 1000.0    213   -2.3   -3.0     95   3.08    205     22  270.9  279.3  271.4
  980.0    374    1.6    0.7     94   4.13    211     24  276.3  287.8  277.0
  963.0    515    1.8    1.1     95   4.32    217     25  277.9  290.0  278.6
  925.0    840    2.2   -6.8     51   2.49    230     29  281.6  288.8  282.0
  913.0    946    3.0  -14.0     27   1.43    232     28  283.4  287.8  283.7
  907.0    999    3.0  -11.0     35   1.83    233     28  284.0  289.5  284.3
  885.0   1197    2.2   -6.8     51   2.61    238     26  285.1  292.8  285.6
  863.0   1400    0.6   -0.3     94   4.36    242     24  285.5  298.1  286.3
  853.0   1494    0.6   -0.1     95   4.47    244     23  286.5  299.4  287.2
  850.0   1522    0.6   -0.1     95   4.49    245     23  286.8  299.7  287.5
  831.0   1704    0.4   -0.3     95   4.53    246     22  288.4  301.6  289.2
  789.0   2119   -1.3   -1.9     96   4.24    247     20  290.9  303.4  291.6
  742.0   2607   -4.3   -4.8     96   3.62    249     17  292.8  303.6  293.4
  733.0   2704   -3.9   -6.2     84   3.30    249     17  294.2  304.2  294.8
  700.0   3066   -6.7   -8.1     90   2.98    250     15  295.0  304.1  295.6
  662.0   3499  -10.1  -10.6     96   2.59    256     15  295.9  304.0  296.4
  648.0   3663   -9.7  -10.1     97   2.75    258     15  298.2  306.8  298.7
  627.0   3917  -10.7  -15.7     67   1.80    261     15  299.9  305.7  300.2
  605.0   4191  -11.3  -17.3     61   1.64    265     15  302.3  307.6  302.6
  543.0   5009  -17.5  -25.5     50   0.89    276     15  304.4  307.4  304.6
  500.0   5620  -22.1  -25.7     73   0.95    285     15  306.0  309.3  306.2
  484.0   5858  -23.9  -26.2     81   0.94    286     16  306.7  309.9  306.9
  414.0   6978  -32.9  -36.1     73   0.43    293     20  309.1  310.6  309.2
  407.0   7098  -32.9  -37.3     65   0.38    294     21  310.6  312.0  310.7
  400.0   7220  -33.7  -38.3     63   0.35    295     21  311.1  312.4  311.2
  361.0   7934  -38.5  -44.5     53   0.20    291     24  313.9  314.7  314.0
  300.0   9180  -49.1  -56.1     44   0.06    285     29  316.0  316.3  316.1
  259.0  10127  -56.9  -64.9     36   0.02    281     30  318.1  318.2  318.1
  250.0  10350  -58.5  -66.5     35   0.02    280     30  319.0  319.1  319.0
  226.0  10977  -63.1  -71.1     33   0.01    285     30  321.3  321.3  321.3
  204.0  11601  -67.5  -76.5     27   0.01    289     30  323.9  323.9  323.9
  200.0  11720  -67.3  -76.3     27   0.01    290     30  326.0  326.1  326.0
  193.0  11936  -66.9  -75.9     27   0.01    281     28  330.0  330.0  330.0
  177.0  12455  -70.9  -79.9     25   0.00    260     22  331.7  331.7  331.7
  169.0  12734  -64.1  -73.1     28   0.01    263     24  347.4  347.5  347.4
  155.0  13267  -63.3  -72.3     29   0.01    268     28  357.5  357.5  357.5
  150.0  13470  -60.7  -69.7     30   0.02    270     30  365.3  365.4  365.3
  145.0  13682  -57.5  -66.5     31   0.03    271     31  374.4  374.6  374.4
  125.0  14613  -60.1  -71.1     22   0.02    275     36  385.9  386.0  385.9
  106.0  15646  -58.3  -69.3     23   0.03    279     42  408.0  408.1  408.0
  100.0  16010  -60.5  -71.5     22   0.02    280     44  410.6  410.7  410.6
   70.0  18220  -62.5                         270     44  450.3         450.3
   50.0  20290  -64.1                         260     47  492.0         492.0
   49.6  20339  -64.1                         260     47  493.1         493.1
   36.6  22174  -68.9                         269     52  525.5         525.5
   30.0  23370  -65.9                         275     55  564.4         564.4
   28.3  23725  -65.1                         274     56  576.1         576.1
   20.0  25840  -65.7                         270     63  634.4         634.4
   12.2  28839  -66.5                         270     79  727.8         727.8
   10.6  29694  -64.3                         270     83  765.6         765.6
   10.0  30050  -65.5                         270     85  774.0         774.0
**** Station information and sounding indices ****
                             Station number: 10035
                           Observation time: 950108/1200
                           Station latitude: 54.52
                          Station longitude: 9.55
                          Station elevation: 48.0
                            Showalter index: 7.07
                               Lifted index: 19.88
    LIFT computed using virtual temperature: 20.00
                                SWEAT index: 60.99
                                    K index: 21.20
                         Cross totals index: 22.00
                      Vertical totals index: 22.70
                        Totals totals index: 44.70
      Convective Available Potential Energy: 0.00
             CAPE using virtual temperature: 0.00
                      Convective Inhibition: 0.00
             CINS using virtual temperature: 0.00
                     Bulk Richardson Number: 0.00
          Bulk Richardson Number using CAPV: 0.00
  Temp [K] of the Lifted Condensation Level: 270.92
Pres [hPa] of the Lifted Condensation Level: 971.44
     Mean mixed layer potential temperature: 273.21
              Mean mixed layer mixing ratio: 3.45
              1000 hPa to 500 hPa thickness: 5407.00
Precipitable water [mm] for entire sounding: 16.01
Description of the data_columns or sounding_indices.
[Unknown INPUT type] [Unknown INPUT type]
===============================================================================
Interested in graduate studies in atmospheric science? Check out our program at
the University_of_Wyoming
===============================================================================
Questions about the weather data provided by this site can be addressed to
Larry_Oolman_(ldoolman@uwyo.edu)
===============================================================================
