***** 10035 Schleswig Observations at 12Z 01 Jan 1995 *****
-----------------------------------------------------------------------------
   PRES   HGHT   TEMP   DWPT   RELH   MIXR   DRCT   SKNT   THTA   THTE   THTV
    hPa     m      C      C      %    g/kg    deg   knot     K      K      K
-----------------------------------------------------------------------------
 1000.0   -102
  982.0     48    0.2   -1.5     88   3.50    290     19  274.8  284.5  275.4
  973.0    121    0.4   -3.9     73   2.96    290     22  275.7  284.0  276.2
  948.0    328   -1.3   -4.8     77   2.84    290     30  276.0  284.0  276.5
  925.0    522   -2.3   -7.3     69   2.40    290     38  276.9  283.8  277.4
  917.0    591   -2.7   -8.7     63   2.17    290     39  277.2  283.5  277.6
  850.0   1186   -7.5  -13.5     62   1.60    290     43  278.3  283.0  278.6
  843.0   1250   -8.1  -14.1     62   1.53    290     42  278.3  282.8  278.6
  811.0   1549  -10.9  -15.0     72   1.48    290     39  278.4  282.8  278.7
  728.0   2370  -16.7  -21.2     68   0.97    290     31  280.8  283.8  281.0
  706.0   2599  -18.9  -22.1     76   0.93    290     29  280.8  283.7  281.0
  700.0   2663  -19.3  -23.1     72   0.86    290     28  281.1  283.7  281.2
  668.0   3010  -21.7  -29.7     48   0.49    297     25  282.2  283.8  282.3
  589.0   3923  -29.7  -34.7     62   0.34    316     17  283.2  284.3  283.3
  536.0   4589  -34.9  -43.9     39   0.15    330     11  284.7  285.2  284.7
  500.0   5070  -38.9  -43.6     61   0.16    340      6  285.6  286.1  285.6
  495.0   5139  -39.5  -43.7     64   0.16    338      7  285.6  286.2  285.7
  466.0   5547  -43.3  -49.3     51   0.09    323     14  285.9  286.2  285.9
  405.0   6478  -48.1  -64.1     14   0.02    288     30  291.4  291.4  291.4
  400.0   6560  -48.3  -65.3     12   0.01    285     31  292.1  292.2  292.1
  364.0   7181  -50.1  -71.1      7   0.01    285     44  297.7  297.8  297.7
  313.0   8178  -46.9  -71.9      4   0.01    285     34  315.3  315.3  315.3
  300.0   8460  -47.5  -73.5      3   0.01    285     31  318.3  318.3  318.3
  274.0   9057  -48.5  -78.5      2   0.00    285     37  325.2  325.2  325.2
  250.0   9660  -47.7  -78.7      2   0.00    285     43  335.0  335.0  335.0
  200.0  11140  -45.7  -79.7      1   0.00    285     47  360.2  360.3  360.2
  190.0  11482  -45.3  -80.3      1   0.00    285     48  366.2  366.2  366.2
  172.0  12143  -47.1  -81.1      1   0.00    285     49  373.8  373.8  373.8
  161.0  12582  -46.1  -81.1      1   0.00    285     49  382.6  382.6  382.6
  150.0  13050  -48.5  -82.5      1   0.00    285     50  386.3  386.3  386.3
  146.0  13228  -49.3  -83.3      1   0.00    285     51  387.9  387.9  387.9
  117.0  14687  -47.3  -81.3      1   0.00    282     61  416.9  416.9  416.9
  100.0  15720  -49.9  -82.9      1   0.00    280     68  431.0  431.1  431.0
   70.0  18000  -58.9                         285     62  458.0         458.0
   62.7  18686  -61.5                         280     63  466.9         466.9
   55.0  19500  -60.5                         274     64  487.0         487.0
   50.0  20090  -62.3                         270     65  496.2         496.2
   36.8  21957  -67.9                         273     76  527.3         527.3
   30.0  23180  -69.3                         275     84  555.2         555.2
   26.1  24011  -70.1                         275     88  575.4         575.4
   23.3  24692  -66.9                         275     91  603.8         603.8
   20.0  25610  -69.3                         275     96  623.4         623.4
   18.5  26074  -70.5                         274     98  633.6         633.6
   12.9  28214  -70.5                         269    107  702.4         702.4
   10.4  29474  -76.3                         266    113  725.6         725.6
   10.0  29700  -76.7                         265    114  732.3         732.3
**** Station information and sounding indices ****
                             Station number: 10035
                           Observation time: 950101/1200
                           Station latitude: 54.52
                          Station longitude: 9.55
                          Station elevation: 48.0
                            Showalter index: 2.66
                               Lifted index: 1.90
    LIFT computed using virtual temperature: 1.90
                                SWEAT index: 248.02
                                    K index: 14.10
                         Cross totals index: 25.40
                      Vertical totals index: 31.40
                        Totals totals index: 56.80
      Convective Available Potential Energy: 0.00
             CAPE using virtual temperature: 0.00
                      Convective Inhibition: 0.00
             CINS using virtual temperature: 0.00
                     Bulk Richardson Number: 0.00
          Bulk Richardson Number using CAPV: 0.00
  Temp [K] of the Lifted Condensation Level: 267.41
Pres [hPa] of the Lifted Condensation Level: 894.66
     Mean mixed layer potential temperature: 276.07
              Mean mixed layer mixing ratio: 2.81
              1000 hPa to 500 hPa thickness: 5172.00
Precipitable water [mm] for entire sounding: 5.87
Description of the data_columns or sounding_indices.
[Unknown INPUT type] [Unknown INPUT type]
===============================================================================
Interested in graduate studies in atmospheric science? Check out our program at
the University_of_Wyoming
===============================================================================
Questions about the weather data provided by this site can be addressed to
Larry_Oolman_(ldoolman@uwyo.edu)
===============================================================================
