***** 10035 Schleswig Observations at 00Z 03 Jan 1995 *****
-----------------------------------------------------------------------------
   PRES   HGHT   TEMP   DWPT   RELH   MIXR   DRCT   SKNT   THTA   THTE   THTV
    hPa     m      C      C      %    g/kg    deg   knot     K      K      K
-----------------------------------------------------------------------------
 1016.0     48   -0.9   -2.8     87   3.08    330      8  271.0  279.5  271.5
 1004.0    140   -1.1   -3.9     81   2.87    349     14  271.7  279.7  272.2
 1000.0    171   -1.3   -4.1     81   2.83    355     16  271.9  279.7  272.3
  987.0    275   -2.3   -4.8     83   2.72      1     17  271.9  279.4  272.3
  974.0    381   -2.5   -4.4     87   2.84      7     19  272.7  280.6  273.2
  925.0    789   -5.5   -6.8     91   2.49     30     24  273.7  280.7  274.1
  860.0   1357   -9.7  -10.2     96   2.06     34     27  275.1  280.9  275.4
  850.0   1447  -10.1  -10.6     96   2.02     35     27  275.6  281.4  275.9
  848.0   1465  -10.3  -10.8     96   1.99     35     27  275.5  281.2  275.9
  836.0   1575   -9.1  -11.0     86   1.98     34     27  277.9  283.7  278.2
  830.0   1631   -9.3  -11.8     82   1.87     33     27  278.3  283.8  278.6
  811.0   1810   -9.5  -13.3     74   1.70     31     27  279.9  284.9  280.2
  805.0   1867   -9.9  -14.0     72   1.62     31     27  280.1  284.9  280.4
  700.0   2931  -17.1  -21.7     67   0.97     20     28  283.5  286.5  283.7
  634.0   3667  -21.9  -26.9     64   0.67     20     33  286.2  288.3  286.3
  615.0   3890  -23.3  -30.3     53   0.50     20     35  287.1  288.7  287.2
  565.0   4504  -28.5  -41.5     28   0.18     20     39  288.0  288.6  288.0
  531.0   4946  -31.3  -48.3     17   0.09     20     42  289.8  290.1  289.8
  517.0   5135  -32.1  -48.1     19   0.10     20     43  291.1  291.4  291.1
  500.0   5370  -34.1  -49.1     20   0.09     20     45  291.4  291.7  291.4
  486.0   5568  -35.9  -48.9     25   0.09     21     49  291.6  291.9  291.6
  461.0   5933  -36.7  -51.7     20   0.07     22     57  295.0  295.3  295.0
  400.0   6900  -43.5  -56.5     22   0.05     25     78  298.4  298.6  298.4
  369.0   7440  -47.3  -59.3     24   0.03     25     85  300.3  300.4  300.3
  335.0   8077  -50.5  -63.5     20   0.02     25     94  304.3  304.4  304.3
  319.0   8395  -52.9  -66.9     17   0.01     25     98  305.3  305.3  305.3
  310.0   8580  -54.1  -68.1     16   0.01     23     96  306.1  306.2  306.1
  300.0   8790  -55.3  -69.3     16   0.01     20     93  307.3  307.3  307.3
  289.0   9027  -56.5  -70.5     16   0.01     19     88  308.9  308.9  308.9
  258.0   9742  -58.5  -72.5     15   0.01     15     74  316.1  316.1  316.1
  250.0   9940  -58.1  -72.1     15   0.01     15     69  319.6  319.6  319.6
  224.0  10635  -56.7  -71.7     13   0.01     10     60  331.9  331.9  331.9
  211.0  11013  -59.3  -75.3     11   0.01      7     55  333.6  333.6  333.6
  205.0  11194  -58.7  -74.7     11   0.01      6     52  337.3  337.3  337.3
  200.0  11350  -56.5  -72.5     12   0.01      5     50  343.1  343.2  343.1
  195.0  11512  -54.1  -71.1     11   0.01      2     49  349.4  349.5  349.5
  150.0  13200  -53.1  -71.1      9   0.02    335     36  378.4  378.5  378.4
  146.0  13374  -52.9  -70.9     10   0.02    333     36  381.7  381.8  381.7
  127.0  14265  -55.7  -72.7     10   0.02    325     35  392.1  392.2  392.1
  106.0  15419  -53.9  -69.9     12   0.03    314     33  416.3  416.5  416.3
  100.0  15790  -56.1  -72.1     12   0.02    310     33  419.1  419.2  419.1
   86.6  16697  -59.7                         302     37  429.4         429.4
   84.1  16880  -60.1                         300     38  432.2         432.2
   71.6  17888  -58.5                         291     43  455.9         455.9
   70.0  18030  -59.3                         290     44  457.2         457.2
   66.6  18341  -61.5                         289     44  458.9         458.9
   50.0  20120  -62.3                         285     46  496.2         496.2
   43.1  21035  -62.9                         282     49  516.3         516.3
   30.0  23240  -67.5                         275     57  560.1         560.1
   26.3  24028  -69.1                         273     66  577.0         577.0
   21.0  25377  -67.3                         271     83  620.8         620.8
   20.0  25670  -68.3                         270     86  626.4         626.4
   17.8  26365  -70.5                                     640.7         640.7
   14.1  27751  -69.3                                     688.8         688.8
   12.2  28610  -71.9                                     708.8         708.8
**** Station information and sounding indices ****
                             Station number: 10035
                           Observation time: 950103/0000
                           Station latitude: 54.52
                          Station longitude: 9.55
                          Station elevation: 48.0
                            Showalter index: 8.74
                               Lifted index: 9.79
    LIFT computed using virtual temperature: 9.78
                                SWEAT index: 99.01
                                    K index: 8.80
                         Cross totals index: 23.50
                      Vertical totals index: 24.00
                        Totals totals index: 47.50
      Convective Available Potential Energy: 0.00
             CAPE using virtual temperature: 0.00
                      Convective Inhibition: 0.00
             CINS using virtual temperature: 0.00
                     Bulk Richardson Number: 0.00
          Bulk Richardson Number using CAPV: 0.00
  Temp [K] of the Lifted Condensation Level: 268.30
Pres [hPa] of the Lifted Condensation Level: 951.04
     Mean mixed layer potential temperature: 272.19
              Mean mixed layer mixing ratio: 2.82
              1000 hPa to 500 hPa thickness: 5199.00
Precipitable water [mm] for entire sounding: 7.54
Description of the data_columns or sounding_indices.
[Unknown INPUT type] [Unknown INPUT type]
===============================================================================
Interested in graduate studies in atmospheric science? Check out our program at
the University_of_Wyoming
===============================================================================
Questions about the weather data provided by this site can be addressed to
Larry_Oolman_(ldoolman@uwyo.edu)
===============================================================================
