***** 10035 Schleswig Observations at 12Z 04 Jan 1995 *****
-----------------------------------------------------------------------------
   PRES   HGHT   TEMP   DWPT   RELH   MIXR   DRCT   SKNT   THTA   THTE   THTV
    hPa     m      C      C      %    g/kg    deg   knot     K      K      K
-----------------------------------------------------------------------------
 1030.0     48   -5.7   -6.2     96   2.35    160      3  265.2  271.6  265.6
 1022.0    109   -2.1   -2.8     95   3.06    151      5  269.4  277.7  269.9
 1016.0    156   -1.1   -2.4     91   3.17    144      6  270.8  279.5  271.3
 1000.0    282   -1.3   -4.6     78   2.73    125      9  271.9  279.4  272.3
  941.0    764   -4.7   -7.1     83   2.40    109     11  273.2  279.9  273.6
  925.0    899   -5.9   -7.8     86   2.31    105     12  273.3  279.8  273.6
  888.0   1218   -8.7   -9.4     95   2.12     98     12  273.6  279.6  273.9
  876.0   1323   -9.5  -18.5     48   1.02     95     13  273.8  276.9  274.0
  865.0   1421   -6.3  -27.3     17   0.47     93     13  278.1  279.6  278.2
  850.0   1558   -6.9  -25.9     20   0.55     90     13  278.9  280.6  279.0
  839.0   1659   -7.3  -25.3     22   0.59     89     13  279.5  281.4  279.6
  795.0   2076  -10.9  -26.9     26   0.54     85     13  280.0  281.7  280.1
  737.0   2655  -13.1  -25.1     36   0.68     79     14  283.7  285.9  283.9
  726.0   2769  -13.1  -24.1     39   0.76     78     14  285.0  287.4  285.1
  710.0   2939  -12.9  -23.9     39   0.79     76     14  287.0  289.5  287.1
  700.0   3047  -13.1  -25.1     36   0.72     75     14  287.9  290.3  288.1
  682.0   3246  -13.5  -25.5     36   0.71     71     15  289.6  292.0  289.8
  664.0   3449  -14.3  -26.3     35   0.68     67     15  291.0  293.2  291.1
  647.0   3646  -14.3  -28.3     29   0.58     63     16  293.1  295.1  293.2
  590.0   4341  -18.3  -30.3     34   0.52     50     18  296.3  298.1  296.4
  574.0   4546  -19.1  -32.1     31   0.45     46     18  297.7  299.3  297.8
  549.0   4876  -21.3  -45.3     10   0.12     39     19  298.9  299.4  298.9
  500.0   5560  -26.3  -48.3     11   0.10     25     21  300.9  301.3  300.9
  481.0   5838  -28.3  -49.3     12   0.09     28     22  301.8  302.1  301.8
  400.0   7130  -38.9  -61.9      7   0.02     45     26  304.4  304.4  304.4
  378.0   7515  -41.9  -65.9      6   0.01     46     26  305.4  305.4  305.4
  300.0   9030  -55.7  -73.7      9   0.01     50     28  306.7  306.8  306.7
  259.0   9952  -62.9  -76.9     14   0.00     46     26  309.3  309.3  309.3
  250.0  10170  -64.1  -78.1     13   0.00     45     25  310.6  310.7  310.6
  237.0  10496  -65.7  -79.7     13   0.00     40     25  313.0  313.0  313.0
  214.0  11120  -63.9  -77.9     13   0.00     25     23  325.1  325.1  325.1
  211.0  11207  -61.7  -76.7     12   0.01     23     22  329.8  329.8  329.8
  200.0  11540  -59.9  -75.9     11   0.01     15     21  337.8  337.8  337.8
  187.0  11961  -57.5  -75.5      8   0.01      7     22  348.2  348.2  348.2
  150.0  13360  -54.7  -81.7      2   0.00    340     27  375.6  375.6  375.6
  148.0  13446  -54.7  -82.7      2   0.00    339     27  377.1  377.1  377.1
  138.0  13892  -54.5  -86.5      1   0.00    334     29  385.0  385.0  385.0
  120.0  14778  -57.9  -88.9      1   0.00    325     31  394.5  394.5  394.5
  100.0  15920  -59.7  -89.7      1   0.00    320     30  412.1  412.1  412.1
   76.4  17592  -63.7                         305     35  436.7         436.7
   70.0  18130  -63.5                         300     36  448.2         448.2
   62.8  18796  -63.1                         297     36  463.2         463.2
   50.0  20180  -67.5                         290     37  484.0         484.0
   47.8  20451  -68.5                         290     39  487.9         487.9
   44.0  20952  -66.3                         289     43  504.9         504.9
   30.0  23250  -71.5                         285     60  549.2         549.2
   23.3  24731  -74.5                         282     73  581.5         581.5
   20.0  25620  -74.3                         280     81  608.1         608.1
   12.8  28241  -73.9                         277    104  692.1         692.1
   12.2  28525  -71.1                         276    107  711.6         711.6
   10.9  29196  -71.9                         276    113  731.9         731.9
   10.0  29710  -69.7                         275    117  758.4         758.4
**** Station information and sounding indices ****
                             Station number: 10035
                           Observation time: 950104/1200
                           Station latitude: 54.52
                          Station longitude: 9.55
                          Station elevation: 48.0
                            Showalter index: 17.09
                               Lifted index: 18.55
    LIFT computed using virtual temperature: 18.55
                                SWEAT index: 46.99
                                    K index: -18.50
                         Cross totals index: 0.40
                      Vertical totals index: 19.40
                        Totals totals index: 19.80
      Convective Available Potential Energy: 0.00
             CAPE using virtual temperature: 0.00
                      Convective Inhibition: 0.00
             CINS using virtual temperature: 0.00
                     Bulk Richardson Number: 0.00
          Bulk Richardson Number using CAPV: 0.00
  Temp [K] of the Lifted Condensation Level: 268.18
Pres [hPa] of the Lifted Condensation Level: 962.29
     Mean mixed layer potential temperature: 271.16
              Mean mixed layer mixing ratio: 2.77
              1000 hPa to 500 hPa thickness: 5278.00
Precipitable water [mm] for entire sounding: 5.94
Description of the data_columns or sounding_indices.
[Unknown INPUT type] [Unknown INPUT type]
===============================================================================
Interested in graduate studies in atmospheric science? Check out our program at
the University_of_Wyoming
===============================================================================
Questions about the weather data provided by this site can be addressed to
Larry_Oolman_(ldoolman@uwyo.edu)
===============================================================================
