***** 10035 Schleswig Observations at 12Z 05 Jan 1995 *****
-----------------------------------------------------------------------------
   PRES   HGHT   TEMP   DWPT   RELH   MIXR   DRCT   SKNT   THTA   THTE   THTV
    hPa     m      C      C      %    g/kg    deg   knot     K      K      K
-----------------------------------------------------------------------------
 1027.0     48   -7.3   -8.8     89   1.92    165      9  263.8  269.1  264.1
 1020.0    100   -7.3   -9.7     83   1.80    164     11  264.4  269.3  264.6
 1000.0    251   -8.9  -10.4     89   1.74    160     17  264.2  269.1  264.5
  979.0    415  -10.5  -11.1     95   1.68    165     18  264.2  268.9  264.5
  974.0    455  -10.3  -11.6     90   1.62    167     18  264.8  269.3  265.1
  964.0    535   -6.7  -17.7     41   0.99    169     19  269.3  272.2  269.4
  925.0    856   -9.3  -20.3     40   0.83    180     21  269.8  272.2  269.9
  907.0   1007  -10.3  -21.3     40   0.77    180     23  270.3  272.6  270.4
  897.0   1093   -5.1  -44.1      3   0.09    180     24  276.5  276.8  276.5
  892.0   1137   -4.9  -40.9      4   0.12    180     24  277.1  277.6  277.2
  887.0   1181   -5.1  -39.1      5   0.15    180     24  277.4  277.9  277.4
  850.0   1514   -7.1  -43.1      4   0.10    180     28  278.7  279.0  278.7
  826.0   1737   -7.1  -49.1      2   0.05    177     26  281.0  281.2  281.0
  796.0   2025   -8.5  -46.5      3   0.07    173     24  282.5  282.7  282.5
  787.0   2113   -8.5  -46.5      3   0.07    172     23  283.4  283.7  283.4
  779.0   2192   -8.7  -49.7      2   0.05    171     22  284.0  284.2  284.0
  762.0   2363   -8.9  -49.9      2   0.05    169     21  285.6  285.8  285.6
  700.0   3017  -11.9  -55.9      1   0.03    160     15  289.3  289.4  289.3
  672.0   3328  -13.3  -59.3      1   0.02    147     15  291.1  291.2  291.1
  663.0   3430  -13.5  -59.5      1   0.02    142     15  292.0  292.1  292.0
  659.0   3476  -13.7  -58.7      1   0.02    140     15  292.3  292.4  292.3
  647.0   3615  -13.5  -59.5      1   0.02    134     15  294.1  294.1  294.1
  643.0   3662  -13.7  -58.7      1   0.02    132     16  294.3  294.4  294.3
  631.0   3805  -13.9  -58.9      1   0.02    126     16  295.7  295.8  295.7
  623.0   3902  -14.1  -48.1      4   0.08    122     16  296.6  296.9  296.6
  543.0   4923  -23.7  -46.7     10   0.11     77     17  297.0  297.4  297.0
  500.0   5520  -27.1  -58.1      4   0.03     50     17  299.9  300.1  299.9
  494.0   5607  -27.7  -59.7      3   0.02     49     17  300.2  300.3  300.2
  429.0   6606  -35.3  -68.3      2   0.01     43     22  302.9  302.9  302.9
  400.0   7090  -39.3  -70.3      2   0.01     40     24  303.8  303.9  303.8
  370.0   7620  -43.7  -71.7      3   0.01     29     28  304.8  304.9  304.8
  300.0   9010  -50.9  -69.9      9   0.01    360     37  313.5  313.5  313.5
  257.0  10005  -56.1  -72.1     12   0.01     17     33  320.0  320.0  320.0
  250.0  10180  -57.3  -73.3     11   0.01     20     32  320.8  320.8  320.8
  237.0  10515  -59.5  -75.5     11   0.01     20     24  322.4  322.4  322.4
  204.0  11455  -57.5  -78.5      5   0.00    345     25  339.6  339.6  339.6
  200.0  11580  -56.7  -78.7      5   0.00    340     25  342.8  342.8  342.8
  174.0  12476  -51.1  -84.1      1   0.00    325     18  366.0  366.0  366.0
  150.0  13440  -52.9  -85.9      1   0.00    310     10  378.7  378.7  378.7
  133.0  14213  -54.1  -86.1      1   0.00    298     15  389.8  389.8  389.8
  117.0  15023  -59.7  -89.7      1   0.00    285     20  394.0  394.0  394.0
  110.0  15411  -57.3  -88.3      1   0.00    291     19  405.6  405.6  405.6
  100.0  16010  -58.9  -89.9      1   0.00    300     18  413.6  413.7  413.6
   70.6  18168  -63.9                         280     31  446.2         446.2
   70.0  18220  -63.9                         280     31  447.3         447.3
   63.4  18830  -62.1                         276     35  464.1         464.1
   56.0  19591  -65.3                         270     40  473.6         473.6
   50.0  20280  -65.7                         265     45  488.2         488.2
   36.1  22254  -66.9                         252     40  532.8         532.8
   30.0  23360  -71.3                         245     37  549.7         549.7
   22.3  25078  -77.7                         267     59  579.4         579.4
   20.0  25700  -76.7                         275     67  600.7         600.7
   12.7  28327  -72.7                         275     97  697.9         697.9
   10.4  29491  -73.9                         275    110  734.5         734.5
   10.0  29720  -72.5                         275    113  747.9         747.9
**** Station information and sounding indices ****
                             Station number: 10035
                           Observation time: 950105/1200
                           Station latitude: 54.52
                          Station longitude: 9.55
                          Station elevation: 48.0
                            Showalter index: 17.54
                               Lifted index: 25.25
    LIFT computed using virtual temperature: 25.24
                                SWEAT index: 72.98
                                    K index: -67.10
                         Cross totals index: -16.00
                      Vertical totals index: 20.00
                        Totals totals index: 4.00
      Convective Available Potential Energy: 0.00
             CAPE using virtual temperature: 0.00
                      Convective Inhibition: 0.00
             CINS using virtual temperature: 0.00
                     Bulk Richardson Number: 0.00
          Bulk Richardson Number using CAPV: 0.00
  Temp [K] of the Lifted Condensation Level: 261.46
Pres [hPa] of the Lifted Condensation Level: 956.33
     Mean mixed layer potential temperature: 264.83
              Mean mixed layer mixing ratio: 1.66
              1000 hPa to 500 hPa thickness: 5269.00
Precipitable water [mm] for entire sounding: 1.93
Description of the data_columns or sounding_indices.
[Unknown INPUT type] [Unknown INPUT type]
===============================================================================
Interested in graduate studies in atmospheric science? Check out our program at
the University_of_Wyoming
===============================================================================
Questions about the weather data provided by this site can be addressed to
Larry_Oolman_(ldoolman@uwyo.edu)
===============================================================================
