***** 10035 Schleswig Observations at 12Z 09 Jan 1995 *****
-----------------------------------------------------------------------------
   PRES   HGHT   TEMP   DWPT   RELH   MIXR   DRCT   SKNT   THTA   THTE   THTV
    hPa     m      C      C      %    g/kg    deg   knot     K      K      K
-----------------------------------------------------------------------------
 1012.0     48    1.8    1.1     95   4.11    230      5  274.0  285.3  274.7
 1000.0    141    4.4    0.5     76   3.98    255     12  277.6  288.7  278.2
  999.0    149    4.8    0.4     73   3.96    255     12  278.0  289.1  278.7
  986.0    256    4.0   -1.0     70   3.62    260     13  278.3  288.5  278.9
  967.0    414    2.8   -2.2     70   3.38    266     15  278.6  288.2  279.2
  925.0    772   -0.7   -3.5     81   3.21    280     20  278.6  287.7  279.1
  905.0    946   -2.3   -4.2     87   3.11    283     21  278.7  287.5  279.2
  880.0   1168   -4.3   -8.9     70   2.23    286     23  278.9  285.3  279.2
  857.0   1377   -5.3  -19.3     32   0.97    289     25  279.9  282.9  280.1
  850.0   1441   -5.7  -17.7     38   1.13    290     25  280.2  283.6  280.4
  838.0   1552   -6.5  -16.5     45   1.26    291     26  280.5  284.3  280.7
  819.0   1731   -7.3  -20.3     35   0.94    292     27  281.5  284.4  281.6
  800.0   1913   -7.7  -23.7     26   0.71    293     29  282.9  285.2  283.1
  770.0   2209  -10.1  -31.1     16   0.37    295     31  283.4  284.7  283.5
  753.0   2381  -10.1  -22.1     37   0.87    296     32  285.3  288.0  285.4
  731.0   2609  -10.5  -18.5     52   1.22    298     34  287.2  291.1  287.5
  714.0   2790  -10.7  -18.7     52   1.23    299     36  289.0  292.8  289.2
  700.0   2942  -11.3  -20.3     47   1.09    300     37  289.9  293.4  290.1
  659.0   3403  -12.9  -22.9     43   0.93    302     40  293.2  296.2  293.4
  630.0   3744  -15.5  -25.5     42   0.77    303     42  294.0  296.5  294.1
  549.0   4767  -22.5  -27.5     64   0.73    307     48  297.5  299.9  297.6
  540.0   4888  -22.5  -28.5     58   0.68    308     49  298.9  301.2  299.0
  527.0   5066  -23.3  -28.0     65   0.73    308     50  300.0  302.5  300.2
  518.0   5192  -23.1  -27.1     70   0.81    309     50  301.8  304.5  301.9
  513.0   5263  -23.3  -27.7     67   0.77    309     51  302.4  305.0  302.5
  500.0   5450  -24.9  -29.1     68   0.69    310     52  302.6  305.0  302.8
  483.0   5702  -26.7  -30.5     70   0.63    311     51  303.4  305.6  303.5
  446.0   6275  -30.9  -38.9     45   0.30    313     49  305.1  306.2  305.2
  400.0   7040  -37.5  -44.5     48   0.18    315     46  306.2  306.9  306.2
  323.0   8472  -49.7  -55.7     49   0.06    320     68  308.6  308.9  308.6
  317.0   8594  -50.7  -56.7     49   0.06    320     66  308.9  309.1  308.9
  300.0   8950  -52.5  -58.5     48   0.05    320     61  311.2  311.4  311.2
  298.0   8993  -52.7  -58.7     48   0.05    320     61  311.6  311.8  311.6
  269.0   9653  -56.3  -66.3     27   0.02    314     63  315.6  315.6  315.6
  250.0  10120  -57.7  -69.7     20   0.01    310     65  320.2  320.2  320.2
  235.0  10508  -58.9  -72.9     15   0.01    315     65  324.1  324.1  324.1
  200.0  11520  -57.3  -76.3      7   0.01    310     62  341.9  341.9  341.9
  192.0  11779  -56.9  -78.9      5   0.00    309     60  346.5  346.5  346.5
  170.0  12553  -55.3  -83.3      2   0.00    307     54  361.4  361.4  361.4
  150.0  13350  -56.9  -85.9      1   0.00    305     47  371.8  371.9  371.8
  139.0  13830  -57.7  -88.7      1   0.00    305     46  378.6  378.6  378.6
  124.0  14552  -55.7  -87.7      1   0.00    305     45  394.8  394.8  394.8
  114.0  15083  -58.5  -89.5      1   0.00    305     44  399.2  399.2  399.2
  100.0  15910  -55.5  -87.5      1   0.00    305     43  420.2  420.2  420.2
   70.0  18160  -61.1                         265     52  453.3         453.3
   60.8  19030  -63.1                         269     56  467.5         467.5
   50.0  20220  -67.3                         275     62  484.5         484.5
   47.1  20579  -68.5                         275     63  489.9         489.9
   30.0  23280  -68.7                         275     73  556.8         556.8
   20.8  25475  -68.9                         270     75  617.6         617.6
   20.0  25710  -69.5                         270     75  622.7         622.7
   12.0  28693  -76.1                         266    105  697.2         697.2
   10.0  29750  -72.5                         265    116  747.9         747.9
**** Station information and sounding indices ****
                             Station number: 10035
                           Observation time: 950109/1200
                           Station latitude: 54.52
                          Station longitude: 9.55
                          Station elevation: 48.0
                            Showalter index: 16.20
                               Lifted index: 12.77
    LIFT computed using virtual temperature: 12.83
                                SWEAT index: 102.00
                                    K index: -7.50
                         Cross totals index: 7.20
                      Vertical totals index: 19.20
                        Totals totals index: 26.40
      Convective Available Potential Energy: 0.10
             CAPE using virtual temperature: 1.55
                      Convective Inhibition: -10.87
             CINS using virtual temperature: -9.44
                           Equilibrum Level: 873.74
 Equilibrum Level using virtual temperature: 855.68
                   Level of Free Convection: 885.21
             LFCT using virtual temperature: 890.50
                     Bulk Richardson Number: 0.00
          Bulk Richardson Number using CAPV: 0.02
  Temp [K] of the Lifted Condensation Level: 271.21
Pres [hPa] of the Lifted Condensation Level: 918.52
     Mean mixed layer potential temperature: 277.89
              Mean mixed layer mixing ratio: 3.64
              1000 hPa to 500 hPa thickness: 5309.00
Precipitable water [mm] for entire sounding: 8.50
Description of the data_columns or sounding_indices.
[Unknown INPUT type] [Unknown INPUT type]
===============================================================================
Interested in graduate studies in atmospheric science? Check out our program at
the University_of_Wyoming
===============================================================================
Questions about the weather data provided by this site can be addressed to
Larry_Oolman_(ldoolman@uwyo.edu)
===============================================================================
