***** 10035 Schleswig Observations at 00Z 04 Jan 1995 *****
-----------------------------------------------------------------------------
   PRES   HGHT   TEMP   DWPT   RELH   MIXR   DRCT   SKNT   THTA   THTE   THTV
    hPa     m      C      C      %    g/kg    deg   knot     K      K      K
-----------------------------------------------------------------------------
 1028.0     48   -4.9   -5.3     97   2.52    300      6  266.1  273.0  266.6
 1020.0    110   -0.3   -3.0     82   3.02    324      6  271.3  279.6  271.8
 1004.0    237    0.6   -4.4     69   2.76     13      6  273.4  281.2  273.9
 1000.0    269    0.4   -4.6     69   2.73     25      6  273.6  281.2  274.0
  969.0    521   -1.3   -5.9     71   2.55     17      8  274.3  281.5  274.7
  939.0    770   -3.5   -6.6     79   2.49      9      9  274.5  281.6  275.0
  925.0    889   -4.1  -10.1     63   1.93      5     10  275.1  280.7  275.4
  888.0   1210   -5.7  -25.7     19   0.53    348     15  276.7  278.4  276.8
  860.0   1460   -7.3  -34.3     10   0.24    335     19  277.6  278.4  277.6
  850.0   1551   -8.1  -34.1     10   0.25    330     20  277.6  278.5  277.7
  796.0   2057  -11.7  -35.7     12   0.23    350     19  279.1  279.8  279.1
  770.0   2311  -12.5  -20.5     51   0.98      1     19  280.9  283.9  281.0
  757.0   2441  -12.9  -21.9     47   0.88      6     19  281.8  284.5  281.9
  703.0   3002  -15.9  -21.9     60   0.95     29     18  284.5  287.5  284.7
  700.0   3034  -15.7  -21.7     60   0.97     30     18  285.1  288.1  285.2
  680.0   3253  -14.5  -24.5     42   0.78     31     19  288.8  291.3  288.9
  600.0   4194  -18.3  -28.3     41   0.62     35     26  294.9  297.0  295.0
  533.0   5067  -24.7  -32.7     47   0.46     38     32  297.4  299.0  297.5
  519.0   5260  -25.5  -33.5     47   0.44     39     33  298.7  300.2  298.8
  500.0   5530  -26.9  -36.9     38   0.32     40     35  300.2  301.3  300.2
  484.0   5764  -28.1  -40.1     31   0.24     41     37  301.5  302.4  301.6
  459.0   6142  -30.9  -43.9     27   0.17     42     40  302.6  303.2  302.6
  400.0   7100  -39.5  -50.5     30   0.09     45     49  303.6  303.9  303.6
  378.0   7485  -42.9  -52.9     32   0.07     47     49  304.0  304.3  304.0
  347.0   8056  -48.1  -58.1     30   0.04     50     50  304.5  304.7  304.5
  300.0   9000  -55.9  -68.9     18   0.01     55     51  306.4  306.5  306.4
  291.0   9194  -57.5  -71.5     15   0.01     54     50  306.9  306.9  306.9
  271.0   9641  -61.7  -75.7     14   0.00     52     48  307.1  307.1  307.1
  250.0  10140  -64.1  -78.1     13   0.00     50     46  310.6  310.7  310.6
  236.0  10490  -65.9  -78.9     15   0.00     35     39  313.1  313.1  313.1
  208.0  11258  -62.7  -76.7     14   0.01     20     32  329.6  329.6  329.6
  200.0  11500  -60.7  -75.7     12   0.01     15     30  336.5  336.5  336.5
  186.0  11955  -57.1  -74.1     10   0.01      7     29  349.4  349.4  349.4
  161.0  12871  -55.3  -78.3      4   0.01    352     26  367.1  367.1  367.1
  155.0  13112  -56.7  -81.7      3   0.00    348     26  368.7  368.7  368.7
  150.0  13320  -56.5  -82.5      2   0.00    345     25  372.5  372.6  372.5
  139.0  13804  -55.9  -83.9      2   0.00    337     26  381.8  381.8  381.8
  134.0  14036  -57.1  -88.1      1   0.00    334     27  383.7  383.7  383.7
  129.0  14277  -55.5  -87.5      1   0.00    330     28  390.7  390.7  390.7
  100.0  15890  -57.9  -88.9      1   0.00    305     32  415.6  415.6  415.6
   76.2  17586  -62.7                         294     37  439.1         439.1
   70.0  18110  -62.5                         290     38  450.3         450.3
   64.9  18576  -62.3                         288     40  460.6         460.6
   50.0  20170  -65.5                         280     45  488.7         488.7
   40.6  21430  -67.9                         276     49  512.7         512.7
   31.5  22965  -65.9                         271     53  556.6         556.6
   30.0  23260  -67.5                         270     54  560.1         560.1
   28.1  23649  -69.5                         270     58  565.1         565.1
   20.0  25640  -73.9                         270     79  609.3         609.3
   17.3  26482  -75.7                         271     85  629.3         629.3
   13.9  27755  -72.9                         273     95  679.4         679.4
   10.0  29680  -73.9                         275    110  742.7         742.7
**** Station information and sounding indices ****
                             Station number: 10035
                           Observation time: 950104/0000
                           Station latitude: 54.52
                          Station longitude: 9.55
                          Station elevation: 48.0
                            Showalter index: 18.19
                               Lifted index: 16.66
    LIFT computed using virtual temperature: 16.69
                                SWEAT index: 75.02
                                    K index: -21.30
                         Cross totals index: -7.20
                      Vertical totals index: 18.80
                        Totals totals index: 11.60
      Convective Available Potential Energy: 0.00
             CAPE using virtual temperature: 0.00
                      Convective Inhibition: 0.00
             CINS using virtual temperature: 0.00
                     Bulk Richardson Number: 0.00
          Bulk Richardson Number using CAPV: 0.00
  Temp [K] of the Lifted Condensation Level: 267.59
Pres [hPa] of the Lifted Condensation Level: 934.35
     Mean mixed layer potential temperature: 272.85
              Mean mixed layer mixing ratio: 2.72
              1000 hPa to 500 hPa thickness: 5261.00
Precipitable water [mm] for entire sounding: 5.78
Description of the data_columns or sounding_indices.
[Unknown INPUT type] [Unknown INPUT type]
===============================================================================
Interested in graduate studies in atmospheric science? Check out our program at
the University_of_Wyoming
===============================================================================
Questions about the weather data provided by this site can be addressed to
Larry_Oolman_(ldoolman@uwyo.edu)
===============================================================================
