***** 10035 Schleswig Observations at 12Z 10 Jan 1995 *****
-----------------------------------------------------------------------------
   PRES   HGHT   TEMP   DWPT   RELH   MIXR   DRCT   SKNT   THTA   THTE   THTV
    hPa     m      C      C      %    g/kg    deg   knot     K      K      K
-----------------------------------------------------------------------------
 1000.0    -51
  988.0     48    2.8   -1.2     75   3.56    310     24  276.9  286.9  277.5
  972.0    180    2.8   -3.2     65   3.12    310     31  278.2  287.1  278.7
  925.0    577   -0.9   -4.8     75   2.91    310     53  278.4  286.7  278.9
  913.0    681   -1.9   -5.2     78   2.86    311     54  278.4  286.6  278.9
  852.0   1228   -7.1   -8.3     91   2.41    315     58  278.5  285.5  278.9
  850.0   1246   -7.1   -8.3     91   2.42    315     58  278.7  285.7  279.1
  800.0   1716  -10.5  -12.0     89   1.91    315     55  279.9  285.6  280.3
  782.0   1891  -11.9  -13.1     91   1.79    315     54  280.3  285.6  280.6
  765.0   2059  -13.3  -17.4     71   1.28    315     53  280.5  284.4  280.7
  754.0   2169  -13.1  -21.1     51   0.95    315     52  281.9  284.8  282.1
  739.0   2322  -13.9  -20.9     55   0.98    315     51  282.6  285.7  282.8
  724.0   2478  -13.5  -29.5     25   0.46    315     50  284.8  286.3  284.8
  700.0   2733  -15.5  -32.5     22   0.36    315     48  285.3  286.5  285.4
  658.0   3196  -19.1  -36.1     21   0.27    315     46  286.3  287.2  286.4
  649.0   3298  -19.3  -33.3     28   0.36    315     46  287.2  288.4  287.3
  600.0   3875  -24.3  -34.3     39   0.35    315     44  287.9  289.1  288.0
  584.0   4072  -25.7  -37.7     32   0.26    315     43  288.6  289.4  288.6
  524.0   4848  -30.5  -70.5      1   0.01    315     40  291.9  291.9  291.9
  505.0   5110  -31.7  -70.7      1   0.01    315     39  293.5  293.5  293.5
  500.0   5180  -32.3  -71.3      1   0.01    315     39  293.6  293.6  293.6
  478.0   5497  -35.3  -73.3      1   0.00    316     47  293.7  293.7  293.7
  446.0   5979  -37.9  -74.9      1   0.00    318     60  296.3  296.3  296.3
  438.0   6104  -37.9  -74.9      1   0.00    318     63  297.8  297.8  297.8
  418.0   6427  -38.9  -75.9      1   0.00    319     72  300.6  300.6  300.6
  408.0   6594  -38.7  -75.7      1   0.00    320     76  302.9  302.9  302.9
  405.0   6644  -38.9  -75.9      1   0.00    320     78  303.3  303.3  303.3
  400.0   6730  -38.7  -75.7      1   0.00    320     80  304.6  304.6  304.6
  397.0   6782  -38.5  -75.5      1   0.00    320     81  305.5  305.5  305.5
  394.0   6834  -38.9  -75.9      1   0.00    321     82  305.7  305.7  305.7
  381.0   7064  -39.1  -76.1      1   0.00    322     86  308.4  308.4  308.4
  352.0   7605  -40.9  -76.9      1   0.00    326     95  313.0  313.0  313.0
  325.0   8145  -43.5  -76.5      1   0.00    330    104  316.6  316.6  316.6
  305.0   8570  -45.7  -75.7      2   0.00    326     98  319.3  319.3  319.3
  300.0   8680  -45.7  -77.7      2   0.00    325     96  320.8  320.9  320.8
  293.0   8837  -45.7  -80.7      1   0.00    325     95  323.0  323.0  323.0
  264.0   9524  -47.9  -81.9      1   0.00    325     91  329.6  329.6  329.6
  250.0   9880  -50.3  -83.3      1   0.00    325     89  331.1  331.2  331.1
  200.0  11340  -49.9  -82.9      1   0.00    320     71  353.6  353.6  353.6
  196.0  11472  -49.9  -82.9      1   0.00    320     71  355.6  355.6  355.6
  174.0  12243  -53.3  -85.3      1   0.00    318     68  362.3  362.4  362.3
  150.0  13200  -51.7  -84.7      1   0.00    315     65  380.8  380.8  380.8
  149.0  13243  -51.7  -84.7      1   0.00    315     65  381.5  381.5  381.5
  100.0  15790  -57.9  -88.9      1   0.00    305     63  415.6  415.6  415.6
   70.0  18000  -65.5  -96.2      1   0.00    305     65  443.9  443.9  443.9
   55.7  19389  -69.9 -100.9      0   0.00    295     74  463.8  463.8  463.8
   50.0  20040  -69.1                         290     78  480.2         480.2
   36.1  21993  -66.7                         277     77  533.3         533.3
   30.0  23090  -74.1                         270     76  542.1         542.1
   27.8  23531  -76.9                         271     82  546.2         546.2
   22.5  24757  -74.1                         274     98  588.5         588.5
   20.0  25440  -76.3                         275    107  601.9         601.9
   17.3  26270  -78.9                                     619.1         619.1
   15.0  27092  -73.7                                     662.1         662.1
   10.0  29460  -73.5                                     744.2         744.2
**** Station information and sounding indices ****
                             Station number: 10035
                           Observation time: 950110/1200
                           Station latitude: 54.52
                          Station longitude: 9.55
                          Station elevation: 48.0
                            Showalter index: 7.20
                               Lifted index: 6.28
    LIFT computed using virtual temperature: 6.24
                                SWEAT index: 159.01
                                    K index: -0.10
                         Cross totals index: 24.00
                      Vertical totals index: 25.20
                        Totals totals index: 49.20
      Convective Available Potential Energy: 15.38
             CAPE using virtual temperature: 17.76
                      Convective Inhibition: -5.30
             CINS using virtual temperature: -4.35
                           Equilibrum Level: 757.90
 Equilibrum Level using virtual temperature: 756.48
                   Level of Free Convection: 870.89
             LFCT using virtual temperature: 872.95
                     Bulk Richardson Number: 0.99
          Bulk Richardson Number using CAPV: 1.14
  Temp [K] of the Lifted Condensation Level: 268.63
Pres [hPa] of the Lifted Condensation Level: 886.13
     Mean mixed layer potential temperature: 278.09
              Mean mixed layer mixing ratio: 3.11
              1000 hPa to 500 hPa thickness: 5231.00
Precipitable water [mm] for entire sounding: 6.71
Description of the data_columns or sounding_indices.
[Unknown INPUT type] [Unknown INPUT type]
===============================================================================
Interested in graduate studies in atmospheric science? Check out our program at
the University_of_Wyoming
===============================================================================
Questions about the weather data provided by this site can be addressed to
Larry_Oolman_(ldoolman@uwyo.edu)
===============================================================================
