***** 10035 Schleswig Observations at 00Z 01 Jan 1995 *****
-----------------------------------------------------------------------------
   PRES   HGHT   TEMP   DWPT   RELH   MIXR   DRCT   SKNT   THTA   THTE   THTV
    hPa     m      C      C      %    g/kg    deg   knot     K      K      K
-----------------------------------------------------------------------------
 1000.0   -123
  979.0     48    2.2    1.0     92   4.22    250      7  277.0  288.7  277.7
  972.0    106    2.8   -0.1     81   3.92    255      9  278.2  289.2  278.9
  955.0    249    2.8   -3.2     65   3.18    268     15  279.6  288.7  280.1
  949.0    300    2.8   -3.2     65   3.20    272     17  280.1  289.2  280.6
  925.0    507    0.8   -3.6     72   3.18    290     25  280.1  289.2  280.7
  865.0   1041   -4.3   -6.0     88   2.84    286     25  280.2  288.4  280.7
  855.0   1133   -4.5  -10.5     63   2.02    285     25  280.9  286.9  281.3
  850.0   1179   -4.9  -10.9     63   1.97    285     25  281.0  286.8  281.3
  836.0   1309   -6.1  -10.0     74   2.15    285     25  281.1  287.4  281.4
  805.0   1604   -7.9  -18.9     41   1.07    285     26  282.2  285.5  282.4
  795.0   1701   -8.9  -19.9     41   1.00    285     26  282.1  285.2  282.3
  780.0   1848  -10.1  -14.9     68   1.55    285     27  282.4  287.1  282.7
  770.0   1947  -10.7  -24.7     31   0.67    285     27  282.8  284.9  282.9
  708.0   2588  -14.5  -34.5     17   0.29    285     29  285.5  286.4  285.5
  700.0   2674  -15.3  -33.3     20   0.33    285     29  285.5  286.6  285.6
  675.0   2947  -17.7  -30.7     31   0.44    282     30  285.8  287.3  285.9
  664.0   3070  -18.5  -24.5     59   0.80    280     30  286.2  288.8  286.4
  641.0   3333  -20.1  -25.1     64   0.78    277     30  287.3  289.8  287.5
  581.0   4053  -26.1  -28.0     84   0.66    268     32  288.5  290.7  288.6
  537.0   4618  -30.7  -38.7     45   0.25    261     33  289.6  290.4  289.6
  500.0   5120  -35.1  -39.4     65   0.25    255     34  290.2  291.1  290.2
  491.0   5246  -36.3  -39.9     69   0.24    255     34  290.2  291.1  290.3
  400.0   6630  -47.1  -53.1     50   0.07    255     30  293.7  294.0  293.7
  386.0   6865  -48.9  -54.9     49   0.06    254     32  294.3  294.6  294.4
  373.0   7091  -48.7  -54.7     50   0.06    253     34  297.5  297.7  297.5
  347.0   7563  -51.7  -58.7     43   0.04    250     39  299.6  299.8  299.6
  330.0   7891  -50.3  -61.3     26   0.03    253     39  305.9  306.0  305.9
  300.0   8510  -53.1  -69.1     13   0.01    260     40  310.4  310.4  310.4
  299.0   8531  -53.3  -69.3     13   0.01    260     40  310.4  310.5  310.4
  269.0   9214  -50.1  -71.1      7   0.01    269     44  324.6  324.6  324.6
  261.0   9411  -50.7  -73.7      5   0.01    271     45  326.5  326.6  326.5
  250.0   9690  -50.5  -74.5      4   0.01    275     47  330.9  330.9  330.9
  230.0  10236  -49.9  -76.9      3   0.00    275     49  339.8  339.8  339.8
  213.0  10742  -47.1  -77.1      2   0.00    275     51  351.6  351.7  351.6
  200.0  11160  -47.5  -77.5      2   0.00    275     53  357.4  357.4  357.4
  150.0  13050  -49.5  -82.5      1   0.00    270     56  384.6  384.6  384.6
  144.0  13317  -49.9  -82.9      1   0.00    270     56  388.4  388.4  388.4
  128.0  14081  -52.9  -84.9      1   0.00    270     56  396.3  396.3  396.3
  113.0  14882  -53.7  -85.7      1   0.00    278     64  409.1  409.2  409.1
  100.0  15670  -51.9  -84.9      1   0.00    285     71  427.2  427.2  427.2
   70.0  17950  -58.7                         280     73  458.5         458.5
   60.6  18856  -61.3                         280     73  471.9         471.9
   50.0  20060  -60.5                         280     73  500.5         500.5
   49.3  20148  -60.5                         280     73  502.5         502.5
   30.0  23190  -67.3                         275     69  560.6         560.6
   23.6  24636  -70.1                         278     79  592.2         592.2
   20.5  25482  -69.1                         280     85  619.6         619.6
   20.0  25630  -69.5                         280     86  622.7         622.7
   13.0  28138  -76.1                         277    105  681.5         681.5
   10.0  29640  -76.3                         275    117  733.8         733.8
**** Station information and sounding indices ****
                             Station number: 10035
                           Observation time: 950101/0000
                           Station latitude: 54.52
                          Station longitude: 9.55
                          Station elevation: 48.0
                            Showalter index: 3.53
                               Lifted index: 1.84
    LIFT computed using virtual temperature: 1.83
                                SWEAT index: 191.99
                                    K index: 1.30
                         Cross totals index: 24.20
                      Vertical totals index: 30.20
                        Totals totals index: 54.40
      Convective Available Potential Energy: 0.00
             CAPE using virtual temperature: 0.39
                      Convective Inhibition: 0.00
             CINS using virtual temperature: -16.38
 Equilibrum Level using virtual temperature: 766.66
             LFCT using virtual temperature: 795.50
                     Bulk Richardson Number: 0.00
          Bulk Richardson Number using CAPV: 0.02
  Temp [K] of the Lifted Condensation Level: 269.74
Pres [hPa] of the Lifted Condensation Level: 883.88
     Mean mixed layer potential temperature: 279.44
              Mean mixed layer mixing ratio: 3.40
              1000 hPa to 500 hPa thickness: 5243.00
Precipitable water [mm] for entire sounding: 6.94
Description of the data_columns or sounding_indices.
[Unknown INPUT type] [Unknown INPUT type]
===============================================================================
Interested in graduate studies in atmospheric science? Check out our program at
the University_of_Wyoming
===============================================================================
Questions about the weather data provided by this site can be addressed to
Larry_Oolman_(ldoolman@uwyo.edu)
===============================================================================
