***** 10035 Schleswig Observations at 12Z 07 Jan 1995 *****
-----------------------------------------------------------------------------
   PRES   HGHT   TEMP   DWPT   RELH   MIXR   DRCT   SKNT   THTA   THTE   THTV
    hPa     m      C      C      %    g/kg    deg   knot     K      K      K
-----------------------------------------------------------------------------
 1029.0     48   -4.1   -6.7     82   2.26    150      3  266.9  273.1  267.2
 1000.0    272   -5.7   -7.8     85   2.13    105     11  267.4  273.4  267.8
  948.0    688   -8.9  -10.2     90   1.87    108     12  268.3  273.5  268.6
  935.0    795   -4.1   -7.7     76   2.30    109     12  274.3  280.8  274.6
  925.0    880   -4.1  -10.1     63   1.93    110     12  275.1  280.7  275.4
  919.0    931   -3.9  -11.9     54   1.68    104     12  275.8  280.7  276.1
  903.0   1070   -4.7  -12.7     54   1.60     87     12  276.4  281.1  276.7
  885.0   1228   -4.9  -13.9     49   1.48     68     12  277.8  282.2  278.0
  874.0   1327   -5.1  -14.1     49   1.48     56     12  278.6  282.9  278.8
  850.0   1546   -4.5  -14.5     46   1.47     30     12  281.4  285.8  281.7
  842.0   1620   -4.3  -15.3     42   1.39     29     12  282.4  286.6  282.6
  837.0   1667   -4.3  -15.3     42   1.40     28     12  282.9  287.1  283.1
  807.0   1955   -4.3  -17.3     36   1.23     22     12  285.8  289.6  286.1
  792.0   2103   -4.7  -19.7     30   1.02     19     12  286.9  290.1  287.1
  763.0   2395   -6.7  -35.7      8   0.24     13     13  287.9  288.7  287.9
  704.0   3018  -10.5  -28.5     21   0.52      1     13  290.4  292.1  290.4
  700.0   3062  -10.5  -28.5     21   0.52    360     13  290.8  292.6  290.9
  692.0   3150  -10.5  -29.5     19   0.48      0     14  291.8  293.4  291.9
  683.0   3251  -11.1  -32.1     16   0.38      1     16  292.2  293.5  292.3
  665.0   3455  -13.1  -26.1     33   0.69      2     18  292.2  294.5  292.3
  642.0   3722  -14.3  -23.3     46   0.92      3     22  293.8  296.8  293.9
  585.0   4420  -18.5  -36.5     19   0.29      5     32  296.8  297.8  296.9
  535.0   5078  -23.7  -44.7     13   0.13      8     41  298.3  298.8  298.3
  513.0   5384  -24.5  -50.5      7   0.07      9     45  300.9  301.2  300.9
  501.0   5555  -24.7  -51.7      6   0.06     10     48  302.7  302.9  302.7
  500.0   5570  -24.7  -52.7      6   0.06     10     48  302.9  303.1  302.9
  455.0   6256  -26.9  -62.9      2   0.02     12     62  308.4  308.5  308.4
  443.0   6449  -27.3  -63.3      2   0.02     13     66  310.2  310.3  310.2
  436.0   6564  -27.3  -63.3      2   0.02     13     68  311.6  311.7  311.7
  400.0   7180  -32.7  -57.7      6   0.04     15     81  312.4  312.6  312.4
  376.0   7611  -36.5  -57.5     10   0.04     15     87  312.9  313.1  313.0
  366.0   7798  -36.7  -55.7     12   0.06     15     90  315.1  315.3  315.1
  331.0   8484  -42.5  -59.5     14   0.04     15    100  316.3  316.5  316.3
  300.0   9140  -46.9  -63.9     13   0.02     15    110  319.1  319.2  319.1
  267.0   9905  -51.7  -69.7     10   0.01     15    118  322.9  323.0  322.9
  253.0  10253  -54.1  -72.1      9   0.01     15    114  324.4  324.4  324.4
  250.0  10330  -54.7  -72.7      9   0.01     15    113  324.6  324.6  324.6
  228.0  10912  -59.9  -78.9      7   0.00     15    106  325.3  325.4  325.3
  200.0  11720  -64.7  -83.7      6   0.00     15     96  330.1  330.2  330.1
  183.0  12258  -67.9  -86.9      5   0.00     10     77  333.4  333.4  333.4
  161.0  13051  -55.9  -74.9      8   0.01      4     47  366.1  366.1  366.1
  150.0  13500  -57.3  -76.3      7   0.01    360     30  371.1  371.2  371.2
  129.0  14445  -60.3  -80.3      6   0.00    335     30  382.1  382.1  382.1
  112.0  15331  -57.1  -77.1      6   0.01    318     26  403.8  403.9  403.8
  100.0  16040  -60.9  -81.9      5   0.00    305     22  409.8  409.8  409.8
   70.0  18260  -60.7                         295     29  454.2         454.2
   64.9  18729  -60.7                         291     30  464.1         464.1
   53.0  19967  -67.3                         278     32  476.5         476.5
   50.0  20320  -64.3                         275     33  491.5         491.5
   30.0  23390  -71.7                         275     35  548.6         548.6
   28.6  23672  -72.5                         276     38  554.0         554.0
   23.5  24840  -69.1                         278     49  595.9         595.9
   20.0  25800  -71.7                         280     58  616.0         616.0
   19.0  26102  -72.5                         280     61  622.6         622.6
   10.3  29825  -59.3                         285     97  790.4         790.4
   10.0  30010  -59.3                         285     99  797.1         797.1
**** Station information and sounding indices ****
                             Station number: 10035
                           Observation time: 950107/1200
                           Station latitude: 54.52
                          Station longitude: 9.55
                          Station elevation: 48.0
                            Showalter index: 14.66
                               Lifted index: 24.50
    LIFT computed using virtual temperature: 24.50
                                SWEAT index: 72.01
                                    K index: -12.30
                         Cross totals index: 10.20
                      Vertical totals index: 20.20
                        Totals totals index: 30.40
      Convective Available Potential Energy: 0.00
             CAPE using virtual temperature: 0.00
                      Convective Inhibition: 0.00
             CINS using virtual temperature: 0.00
                     Bulk Richardson Number: 0.00
          Bulk Richardson Number using CAPV: 0.00
  Temp [K] of the Lifted Condensation Level: 264.74
Pres [hPa] of the Lifted Condensation Level: 964.90
     Mean mixed layer potential temperature: 267.47
              Mean mixed layer mixing ratio: 2.11
              1000 hPa to 500 hPa thickness: 5298.00
Precipitable water [mm] for entire sounding: 5.53
Description of the data_columns or sounding_indices.
[Unknown INPUT type] [Unknown INPUT type]
===============================================================================
Interested in graduate studies in atmospheric science? Check out our program at
the University_of_Wyoming
===============================================================================
Questions about the weather data provided by this site can be addressed to
Larry_Oolman_(ldoolman@uwyo.edu)
===============================================================================
