***** 10035 Schleswig Observations at 00Z 10 Jan 1995 *****
-----------------------------------------------------------------------------
   PRES   HGHT   TEMP   DWPT   RELH   MIXR   DRCT   SKNT   THTA   THTE   THTV
    hPa     m      C      C      %    g/kg    deg   knot     K      K      K
-----------------------------------------------------------------------------
 1000.0    -45
  989.0     48    5.4    5.0     97   5.56    260     17  279.4  294.8  280.4
  980.0    122    5.6    4.4     92   5.38    263     19  280.4  295.3  281.3
  969.0    214    5.2    3.9     91   5.25    266     23  280.9  295.5  281.8
  928.0    564    2.8    1.9     94   4.75    279     34  281.9  295.3  282.7
  925.0    590    2.6    1.7     94   4.70    280     35  282.0  295.2  282.8
  872.0   1065    0.0   -0.7     95   4.19    280     38  284.1  296.1  284.8
  851.0   1261   -0.9   -1.6     95   4.02    280     39  285.1  296.7  285.8
  850.0   1270   -0.9   -1.6     95   4.02    280     39  285.2  296.8  285.9
  837.0   1393   -0.9   -1.7     94   4.05    279     39  286.4  298.2  287.1
  821.0   1547   -2.5   -3.6     92   3.59    278     39  286.3  296.8  287.0
  744.0   2320   -8.1   -9.9     87   2.43    273     39  288.4  295.7  288.8
  700.0   2790  -11.7  -13.7     85   1.91    270     39  289.5  295.3  289.8
  692.0   2878  -12.5  -14.5     85   1.81    270     39  289.6  295.1  289.9
  674.0   3079  -14.1  -16.1     85   1.62    270     40  290.0  295.0  290.2
  630.0   3587  -19.1  -28.1     45   0.60    270     42  289.9  291.9  290.0
  618.0   3730  -20.1  -29.1     45   0.56    270     42  290.4  292.2  290.4
  589.0   4085  -21.9  -31.9     40   0.45    270     44  292.3  293.8  292.4
  575.0   4262  -21.9  -31.9     40   0.46    270     44  294.3  295.9  294.4
  513.0   5095  -26.5  -38.5     31   0.27    270     47  298.5  299.4  298.5
  500.0   5280  -27.7  -39.7     31   0.24    270     48  299.2  300.1  299.2
  449.0   6041  -32.9  -46.9     23   0.13    270     51  302.0  302.5  302.0
  401.0   6823  -38.7  -51.7     24   0.08    270     55  304.4  304.7  304.4
  400.0   6840  -38.7  -51.7     24   0.08    270     55  304.6  304.9  304.6
  350.0   7748  -43.1  -55.1     25   0.06    277     56  310.5  310.8  310.5
  300.0   8770  -49.9  -61.9     23   0.03    285     58  314.9  315.0  314.9
  277.0   9289  -53.3  -65.3     22   0.02    291     59  317.3  317.4  317.3
  264.0   9599  -54.1  -67.1     19   0.02    295     59  320.5  320.6  320.5
  250.0   9950  -53.3  -66.3     19   0.02    295     58  326.7  326.8  326.7
  232.0  10432  -52.3  -65.3     19   0.03    293     58  335.3  335.4  335.3
  200.0  11390  -53.5  -66.5     19   0.02    290     58  347.9  348.0  347.9
  186.0  11856  -54.1  -67.1     19   0.02    297     62  354.2  354.3  354.2
  177.0  12175  -52.5  -65.5     19   0.03    302     64  361.9  362.0  361.9
  172.0  12359  -52.7  -65.7     19   0.03    305     66  364.5  364.7  364.5
  150.0  13240  -53.7  -66.7     19   0.03    305     52  377.3  377.5  377.4
  132.0  14061  -54.7  -67.7     19   0.03    299     50  389.6  389.8  389.6
  121.0  14615  -58.1  -71.1     17   0.02    295     49  393.2  393.3  393.2
  107.0  15393  -56.9  -68.9     21   0.03    295     50  409.5  409.7  409.5
  100.0  15820  -59.3  -71.3     20   0.03    295     51  412.9  413.0  412.9
   79.2  17269  -59.9                         292     55  440.1         440.1
   70.0  18030  -62.7                         290     57  449.9         449.9
   53.8  19637  -68.3                         278     66  472.1         472.1
   50.0  20080  -66.9                         275     69  485.4         485.4
   47.8  20352  -66.1                         273     69  493.6         493.6
   40.9  21286  -71.1                         267     70  503.6         503.6
   34.6  22283  -68.3                         261     71  535.6         535.6
   30.0  23130  -72.5                         255     72  546.5         546.5
   28.1  23512  -74.3                         257     75  551.8         551.8
   25.3  24126  -70.9                         261     79  578.3         578.3
   21.3  25133  -74.5                         268     86  596.6         596.6
   20.0  25500  -72.7                         270     89  613.0         613.0
   19.0  25802  -71.3                                     626.3         626.3
   17.1  26421  -73.3                                     639.1         639.1
**** Station information and sounding indices ****
                             Station number: 10035
                           Observation time: 950110/0000
                           Station latitude: 54.52
                          Station longitude: 9.55
                          Station elevation: 48.0
                            Showalter index: 3.54
                               Lifted index: 4.59
    LIFT computed using virtual temperature: 4.55
                                SWEAT index: 204.01
                                    K index: 23.20
                         Cross totals index: 26.10
                      Vertical totals index: 26.80
                        Totals totals index: 52.90
      Convective Available Potential Energy: 12.66
             CAPE using virtual temperature: 15.98
                      Convective Inhibition: -76.59
             CINS using virtual temperature: -74.90
                           Equilibrum Level: 599.03
 Equilibrum Level using virtual temperature: 596.29
                   Level of Free Convection: 661.68
             LFCT using virtual temperature: 663.71
                     Bulk Richardson Number: 0.45
          Bulk Richardson Number using CAPV: 0.56
  Temp [K] of the Lifted Condensation Level: 276.35
Pres [hPa] of the Lifted Condensation Level: 943.46
     Mean mixed layer potential temperature: 281.00
              Mean mixed layer mixing ratio: 5.14
              1000 hPa to 500 hPa thickness: 5325.00
Precipitable water [mm] for entire sounding: 12.93
Description of the data_columns or sounding_indices.
[Unknown INPUT type] [Unknown INPUT type]
===============================================================================
Interested in graduate studies in atmospheric science? Check out our program at
the University_of_Wyoming
===============================================================================
Questions about the weather data provided by this site can be addressed to
Larry_Oolman_(ldoolman@uwyo.edu)
===============================================================================
