***** 10035 Schleswig Observations at 00Z 06 Jan 1995 *****
-----------------------------------------------------------------------------
   PRES   HGHT   TEMP   DWPT   RELH   MIXR   DRCT   SKNT   THTA   THTE   THTV
    hPa     m      C      C      %    g/kg    deg   knot     K      K      K
-----------------------------------------------------------------------------
 1018.0     48   -7.9   -9.4     89   1.85    140      9  263.9  269.0  264.2
 1010.0    110   -7.9  -10.7     80   1.68    144     14  264.5  269.1  264.8
 1000.0    187   -8.5  -10.9     83   1.67    150     20  264.6  269.3  264.9
  982.0    328   -9.5  -11.1     88   1.68    158     22  265.0  269.7  265.3
  969.0    431   -8.1  -12.3     72   1.54    164     23  267.4  271.8  267.7
  963.0    479   -4.5  -14.5     46   1.30    167     24  271.6  275.3  271.8
  957.0    529   -4.3  -25.3     18   0.51    170     25  272.2  273.8  272.3
  944.0    637   -2.1  -26.1     14   0.49    176     26  275.6  277.1  275.6
  937.0    696   -2.1  -26.1     14   0.49    179     27  276.1  277.7  276.2
  925.0    798   -1.7  -26.7     13   0.47    185     28  277.6  279.1  277.6
  903.0    990   -1.5  -29.5     10   0.37    182     29  279.7  280.9  279.8
  897.0   1043   -1.5  -33.5      7   0.25    181     29  280.2  281.1  280.3
  850.0   1469   -3.9  -33.9      8   0.26    175     31  282.1  282.9  282.1
  832.0   1637   -4.9  -33.9      8   0.26    177     31  282.7  283.6  282.8
  808.0   1867   -5.9  -17.9     38   1.16    180     31  284.0  287.6  284.2
  796.0   1984   -5.7  -17.7     38   1.20    182     31  285.5  289.2  285.7
  709.0   2882  -10.9  -25.9     28   0.66    194     32  289.3  291.5  289.4
  700.0   2980  -11.7  -26.7     28   0.62    195     32  289.5  291.5  289.6
  651.0   3531  -16.1  -29.1     32   0.53    215     28  290.6  292.4  290.7
  618.0   3921  -19.1  -39.1     15   0.21    230     25  291.5  292.2  291.5
  580.0   4391  -20.5  -54.5      3   0.04    248     21  295.2  295.4  295.2
  500.0   5470  -29.5  -49.5     13   0.08    290     13  297.0  297.3  297.0
  488.0   5643  -30.9  -48.9     15   0.09    294     14  297.4  297.7  297.4
  476.0   5820  -29.5  -59.5      4   0.03    298     14  301.2  301.3  301.2
  472.0   5880  -29.9  -61.9      3   0.02    299     15  301.4  301.5  301.4
  422.0   6669  -35.5  -68.5      2   0.01    317     18  304.1  304.1  304.1
  400.0   7040  -38.3  -59.3      9   0.03    325     19  305.1  305.3  305.1
  393.0   7162  -39.1  -58.1     12   0.04    325     19  305.6  305.8  305.6
  386.0   7285  -39.3  -59.3     10   0.03    325     19  306.9  307.1  306.9
  327.0   8404  -47.5  -55.5     39   0.06    325     21  310.6  310.8  310.6
  300.0   8970  -51.5  -61.5     29   0.03    325     22  312.6  312.8  312.7
  288.0   9233  -53.3  -65.3     22   0.02    325     21  313.8  313.8  313.8
  250.0  10130  -58.3  -71.3     17   0.01    325     18  319.3  319.3  319.3
  248.0  10180  -58.5  -71.5     17   0.01    325     18  319.7  319.8  319.7
  209.0  11260  -54.7  -71.7     10   0.01    305     10  341.7  341.7  341.7
  200.0  11540  -55.1  -75.1      7   0.01    300      8  345.4  345.4  345.4
  197.0  11637  -55.3  -76.3      6   0.01    297      8  346.5  346.6  346.5
  185.0  12043  -52.1  -78.1      3   0.00    284      9  358.0  358.0  358.0
  177.0  12330  -53.5  -81.5      2   0.00    275      9  360.2  360.3  360.2
  166.0  12748  -49.9  -82.9      1   0.00    261     10  372.9  372.9  372.9
  150.0  13410  -52.3  -85.3      1   0.00    240     11  379.8  379.8  379.8
  141.0  13809  -53.7  -85.7      1   0.00    245     12  384.1  384.1  384.1
  115.0  15115  -54.5  -86.5      1   0.00    260     16  405.6  405.6  405.6
  100.0  16000  -58.9  -89.9      1   0.00    270     19  413.6  413.7  413.6
   79.7  17413  -61.9                         267     20  435.2         435.2
   74.5  17832  -59.5                         266     21  448.7         448.7
   70.0  18220  -61.1                         265     21  453.3         453.3
   56.0  19592  -66.7                         265     31  470.4         470.4
   50.0  20280  -66.3                         265     36  486.8         486.8
   41.5  21414  -65.5                         265     41  515.4         515.4
   30.0  23370  -70.5                         265     51  551.9         551.9
   23.0  24927  -74.3                         272     66  584.3         584.3
   20.0  25740  -73.7                         275     74  609.9         609.9
   14.7  27536  -72.7                         273     86  669.3         669.3
   12.6  28431  -75.5                         272     93  689.7         689.7
   10.0  29770  -73.7                         270    102  743.5         743.5
**** Station information and sounding indices ****
                             Station number: 10035
                           Observation time: 950106/0000
                           Station latitude: 54.52
                          Station longitude: 9.55
                          Station elevation: 48.0
                            Showalter index: 12.12
                               Lifted index: 21.91
    LIFT computed using virtual temperature: 21.91
                                SWEAT index: 75.00
                                    K index: -23.30
                         Cross totals index: -4.40
                      Vertical totals index: 25.60
                        Totals totals index: 21.20
      Convective Available Potential Energy: 0.00
             CAPE using virtual temperature: 0.00
                      Convective Inhibition: 0.00
             CINS using virtual temperature: 0.00
                     Bulk Richardson Number: 0.00
          Bulk Richardson Number using CAPV: 0.00
  Temp [K] of the Lifted Condensation Level: 259.61
Pres [hPa] of the Lifted Condensation Level: 913.85
     Mean mixed layer potential temperature: 266.40
              Mean mixed layer mixing ratio: 1.53
              1000 hPa to 500 hPa thickness: 5283.00
Precipitable water [mm] for entire sounding: 3.23
Description of the data_columns or sounding_indices.
[Unknown INPUT type] [Unknown INPUT type]
===============================================================================
Interested in graduate studies in atmospheric science? Check out our program at
the University_of_Wyoming
===============================================================================
Questions about the weather data provided by this site can be addressed to
Larry_Oolman_(ldoolman@uwyo.edu)
===============================================================================
