***** 10035 Schleswig Observations at 12Z 03 Jan 1995 *****
-----------------------------------------------------------------------------
   PRES   HGHT   TEMP   DWPT   RELH   MIXR   DRCT   SKNT   THTA   THTE   THTV
    hPa     m      C      C      %    g/kg    deg   knot     K      K      K
-----------------------------------------------------------------------------
 1027.0     48   -3.3   -4.3     93   2.72     10      5  267.8  275.2  268.2
 1019.0    109   -1.5   -3.5     86   2.91     25      6  270.2  278.2  270.7
 1006.0    210   -0.9   -4.9     74   2.65     49      9  271.8  279.2  272.2
 1000.0    257   -1.3   -5.6     73   2.53     60     10  271.9  278.9  272.3
  993.0    313   -1.7   -6.4     70   2.40     61     10  272.0  278.7  272.4
  981.0    410    0.2  -22.8     16   0.63     64      9  274.9  276.8  275.0
  966.0    534    0.2  -37.8      4   0.15     67      8  276.1  276.6  276.1
  925.0    879   -2.9  -37.9      5   0.16     75      6  276.3  276.9  276.4
  917.0    948   -3.5  -37.5      5   0.17     68      7  276.4  277.0  276.4
  888.0   1200   -4.9  -35.9      7   0.20     41      9  277.5  278.2  277.5
  850.0   1541   -8.1  -35.1      9   0.23      5     13  277.6  278.4  277.7
  804.0   1971  -10.9  -33.9     13   0.27      5     17  279.1  280.0  279.2
  726.0   2745  -17.5  -42.5      9   0.13      5     24  280.1  280.6  280.2
  711.0   2901  -18.1  -44.1      8   0.11      5     25  281.2  281.5  281.2
  700.0   3017  -18.9  -30.9     34   0.42      5     26  281.5  282.9  281.6
  693.0   3092  -19.3  -27.3     49   0.59      6     27  281.9  283.8  282.0
  680.0   3232  -19.7  -26.7     54   0.64      7     28  283.0  285.0  283.1
  667.0   3375  -19.7  -27.7     49   0.59      9     30  284.5  286.4  284.6
  650.0   3567  -20.5  -26.5     59   0.68     11     32  285.7  287.9  285.9
  627.0   3833  -19.9  -35.9     23   0.29     13     35  289.4  290.4  289.4
  574.0   4484  -22.5  -38.5     22   0.24     20     41  293.7  294.6  293.8
  500.0   5480  -30.7  -41.7     33   0.20     30     52  295.6  296.3  295.6
  498.0   5508  -30.9  -41.9     33   0.19     30     52  295.6  296.3  295.7
  455.0   6144  -35.9  -47.9     28   0.11     32     60  297.1  297.5  297.1
  419.0   6713  -39.1  -53.1     21   0.07     34     68  300.1  300.3  300.1
  400.0   7030  -41.9  -55.9     20   0.05     35     72  300.4  300.6  300.5
  303.0   8847  -56.9  -71.9     13   0.01     35     80  304.2  304.2  304.2
  300.0   8910  -57.5  -72.5     13   0.01     35     80  304.2  304.2  304.2
  293.0   9059  -58.7  -74.7     11   0.01     34     79  304.5  304.6  304.5
  267.0   9640  -60.7  -76.7     10   0.00     30     74  309.8  309.8  309.8
  250.0  10050  -59.7  -76.7      9   0.00     25     73  317.2  317.2  317.2
  241.0  10278  -61.3  -78.3      9   0.00     23     68  318.1  318.1  318.1
  220.0  10849  -58.1  -77.1      7   0.00     16     55  331.4  331.5  331.4
  200.0  11450  -57.7  -79.7      4   0.00     10     42  341.2  341.2  341.2
  177.0  12223  -57.5  -84.5      2   0.00      4     38  353.7  353.7  353.7
  154.0  13111  -54.1  -86.1      1   0.00    356     33  373.8  373.8  373.8
  150.0  13280  -54.5  -86.5      1   0.00    355     32  376.0  376.0  376.0
  137.0  13856  -55.9  -87.9      1   0.00    344     31  383.4  383.4  383.4
  121.0  14645  -54.1  -86.1      1   0.00    329     30  400.5  400.5  400.5
  100.0  15850  -58.1  -89.1      1   0.00    305     28  415.2  415.2  415.2
   97.0  16042  -58.9                         304     29  417.3         417.3
   70.0  18080  -62.5                         290     39  450.3         450.3
   50.0  20140  -65.9                         285     48  487.8         487.8
   45.6  20698  -66.7                         283     51  498.9         498.9
   41.4  21284  -64.9                         281     55  517.3         517.3
   30.0  23220  -70.5                         275     66  551.9         551.9
   21.0  25332  -72.5                         271     84  605.1         605.1
   20.0  25620  -71.1                         270     86  617.8         617.8
   17.5  26423  -67.9                         269     91  652.0         652.0
   12.5  28446  -71.5                         267    105  705.2         705.2
   10.0  29780  -69.9                         265    114  757.6         757.6
**** Station information and sounding indices ****
                             Station number: 10035
                           Observation time: 950103/1200
                           Station latitude: 54.52
                          Station longitude: 9.55
                          Station elevation: 48.0
                            Showalter index: 14.45
                               Lifted index: 15.95
    LIFT computed using virtual temperature: 15.97
                                SWEAT index: 77.99
                                    K index: -24.50
                         Cross totals index: -4.40
                      Vertical totals index: 22.60
                        Totals totals index: 18.20
      Convective Available Potential Energy: 0.00
             CAPE using virtual temperature: 0.00
                      Convective Inhibition: 0.00
             CINS using virtual temperature: 0.00
                     Bulk Richardson Number: 0.00
          Bulk Richardson Number using CAPV: 0.00
  Temp [K] of the Lifted Condensation Level: 257.08
Pres [hPa] of the Lifted Condensation Level: 814.77
     Mean mixed layer potential temperature: 272.59
              Mean mixed layer mixing ratio: 1.84
              1000 hPa to 500 hPa thickness: 5223.00
Precipitable water [mm] for entire sounding: 2.60
Description of the data_columns or sounding_indices.
[Unknown INPUT type] [Unknown INPUT type]
===============================================================================
Interested in graduate studies in atmospheric science? Check out our program at
the University_of_Wyoming
===============================================================================
Questions about the weather data provided by this site can be addressed to
Larry_Oolman_(ldoolman@uwyo.edu)
===============================================================================
