***** 10184 Greifswald Observations at 12Z 05 Jan 1995 *****
-----------------------------------------------------------------------------
   PRES   HGHT   TEMP   DWPT   RELH   MIXR   DRCT   SKNT   THTA   THTE   THTV
    hPa     m      C      C      %    g/kg    deg   knot     K      K      K
-----------------------------------------------------------------------------
 1036.0      6   -5.3   -8.0     81   2.03    150      8  265.2  270.7  265.5
 1025.0     87   -6.9   -9.8     80   1.78    153     12  264.4  269.3  264.7
 1013.0    177   -7.3  -10.0     81   1.77    156     16  264.9  269.8  265.2
 1000.0    275   -7.5  -10.4     80   1.74    160     21  265.6  270.5  265.9
  994.0    322   -7.5  -10.5     79   1.74    160     21  266.1  270.9  266.4
  944.0    722  -10.3  -14.0     74   1.38    156     20  267.2  271.1  267.4
  925.0    880   -7.5  -19.5     38   0.89    155     20  271.6  274.3  271.8
  919.0    931   -6.7  -23.7     25   0.62    155     20  273.0  274.9  273.1
  913.0    982   -5.1  -17.1     38   1.10    156     20  275.1  278.4  275.3
  900.0   1095   -4.1  -17.1     36   1.12    157     21  277.3  280.6  277.5
  850.0   1543   -6.3  -23.3     25   0.69    160     22  279.5  281.7  279.6
  753.0   2481  -10.9  -41.9      6   0.13    157     21  284.4  284.8  284.4
  742.0   2595   -9.9  -39.9      7   0.16    157     21  286.7  287.2  286.7
  720.0   2826  -11.3  -31.3     17   0.39    156     20  287.6  288.9  287.7
  700.0   3041  -13.3  -30.3     23   0.44    155     20  287.7  289.2  287.8
  668.0   3395  -16.5  -29.5     32   0.50    157     20  288.0  289.7  288.1
  659.0   3496  -16.7  -27.7     38   0.60    158     20  288.9  290.9  289.0
  585.0   4380  -22.3  -38.3     22   0.24    163     21  292.4  293.2  292.4
  500.0   5510  -31.9  -48.9     17   0.09    170     21  294.1  294.4  294.1
  400.0   7050  -44.7  -61.7     13   0.02    170     17  296.8  296.9  296.8
  382.0   7356  -47.3  -64.3     12   0.02    155     18  297.3  297.4  297.3
  379.0   7408  -47.5  -64.5     12   0.02    152     19  297.7  297.8  297.7
  369.0   7584  -47.7  -64.7     12   0.02    143     20  299.8  299.8  299.8
  347.0   7988  -48.9  -66.9     11   0.01    123     21  303.4  303.5  303.4
  339.0   8141  -48.7  -69.7      7   0.01    115     22  305.7  305.8  305.7
  333.0   8258  -49.1  -72.1      5   0.01    109     23  306.8  306.8  306.8
  325.0   8418  -49.1  -74.1      4   0.01    101     23  308.9  308.9  308.9
  320.0   8519  -49.1  -74.1      4   0.01     96     24  310.3  310.3  310.3
  306.0   8811  -50.5  -75.5      4   0.00     82     25  312.3  312.3  312.3
  300.0   8940  -50.7  -74.7      4   0.01     75     26  313.8  313.8  313.8
  299.0   8962  -50.7  -74.7      4   0.01     75     26  314.1  314.1  314.1
  290.0   9161  -51.3  -77.3      3   0.00     72     25  316.0  316.0  316.0
  283.0   9319  -51.5  -77.5      3   0.00     70     24  317.9  317.9  317.9
  266.0   9720  -53.5  -79.5      3   0.00     65     21  320.7  320.7  320.7
  254.0  10018  -52.7  -76.7      4   0.00     61     20  326.1  326.1  326.1
  250.0  10120  -53.3  -77.3      4   0.00     60     19  326.7  326.7  326.7
  236.0  10489  -55.1  -78.1      4   0.00     45     18  329.4  329.4  329.4
  227.0  10739  -53.1  -77.1      4   0.00     41     17  336.1  336.2  336.1
  200.0  11550  -55.3  -82.3      2   0.00     30     13  345.0  345.1  345.0
  197.0  11646  -55.7  -83.7      2   0.00     29     13  345.9  345.9  345.9
  168.0  12668  -51.9  -84.9      1   0.00     15     11  368.3  368.3  368.3
  150.0  13400  -52.3  -85.3      1   0.00      5      9  379.8  379.8  379.8
  143.0  13708  -52.3  -85.3      1   0.00    357     10  385.0  385.0  385.0
  100.0  15980  -59.1  -90.1      1   0.00    300     17  413.3  413.3  413.3
   70.0  18210  -61.9                         280     24  451.6         451.6
   53.0  19915  -63.7                         288     30  484.8         484.8
   50.0  20270  -64.7                         290     31  490.6         490.6
   30.0  23330  -71.5                         275     45  549.2         549.2
   22.8  24938  -74.9                         278     54  584.0         584.0
   20.0  25700  -74.1                         280     58  608.7         608.7
   15.9  27052  -72.9                         278     74  653.8         653.8
   12.9  28277  -76.3                         277     88  682.3         682.3
   10.0  29770  -72.5                         275    106  747.9         747.9
**** Station information and sounding indices ****
                             Station number: 10184
                           Observation time: 950105/1200
                           Station latitude: 54.09
                          Station longitude: 13.39
                          Station elevation: 6.0
                            Showalter index: 10.67
                               Lifted index: 19.68
    LIFT computed using virtual temperature: 19.68
                                SWEAT index: 65.02
                                    K index: -14.70
                         Cross totals index: 8.60
                      Vertical totals index: 25.60
                        Totals totals index: 34.20
      Convective Available Potential Energy: 0.00
             CAPE using virtual temperature: 0.00
                      Convective Inhibition: 0.00
             CINS using virtual temperature: 0.00
                     Bulk Richardson Number: 0.00
          Bulk Richardson Number using CAPV: 0.00
  Temp [K] of the Lifted Condensation Level: 262.21
Pres [hPa] of the Lifted Condensation Level: 957.39
     Mean mixed layer potential temperature: 265.51
              Mean mixed layer mixing ratio: 1.75
              1000 hPa to 500 hPa thickness: 5235.00
Precipitable water [mm] for entire sounding: 3.80
Description of the data_columns or sounding_indices.
[Unknown INPUT type] [Unknown INPUT type]
===============================================================================
Interested in graduate studies in atmospheric science? Check out our program at
the University_of_Wyoming
===============================================================================
Questions about the weather data provided by this site can be addressed to
Larry_Oolman_(ldoolman@uwyo.edu)
===============================================================================
