***** 10184 Greifswald Observations at 12Z 08 Jan 1995 *****
-----------------------------------------------------------------------------
   PRES   HGHT   TEMP   DWPT   RELH   MIXR   DRCT   SKNT   THTA   THTE   THTV
    hPa     m      C      C      %    g/kg    deg   knot     K      K      K
-----------------------------------------------------------------------------
 1033.0      6   -5.5   -8.2     81   2.00    200      8  265.2  270.7  265.5
 1000.0    257   -7.1  -10.6     76   1.71    215     34  266.1  270.8  266.3
  984.0    383   -7.9  -11.7     74   1.59    216     33  266.5  270.9  266.7
  970.0    494   -5.3  -11.3     63   1.67    217     32  270.2  274.9  270.5
  963.0    551   -5.3  -12.3     58   1.55    217     32  270.8  275.2  271.0
  956.0    609   -5.3  -12.3     58   1.56    218     31  271.3  275.8  271.6
  934.0    792   -2.3  -14.3     39   1.36    219     30  276.2  280.2  276.4
  925.0    869   -2.5  -14.5     39   1.35    220     29  276.8  280.8  277.0
  920.0    912   -2.9  -14.9     39   1.31    220     28  276.8  280.7  277.0
  887.0   1203   -0.9  -21.9     19   0.75    220     25  281.7  284.1  281.9
  861.0   1440   -2.1  -15.1     36   1.38    220     21  282.9  287.1  283.1
  850.0   1542   -2.1  -17.1     31   1.18    220     20  283.9  287.6  284.1
  823.0   1798   -2.1  -22.1     20   0.80    223     18  286.6  289.1  286.7
  798.0   2042   -3.5  -24.5     18   0.66    227     16  287.6  289.8  287.7
  786.0   2162   -3.5  -31.5      9   0.35    228     16  288.9  290.0  288.9
  702.0   3046   -8.3  -35.3      9   0.27    240      9  293.0  294.0  293.1
  700.0   3068   -8.3  -35.3      9   0.27    240      9  293.3  294.2  293.3
  687.0   3213   -8.3  -32.3     13   0.37    248      9  294.8  296.1  294.9
  626.0   3927  -13.5  -45.5      5   0.11    290     11  296.8  297.2  296.9
  596.0   4300  -14.5  -59.5      1   0.02    312     11  299.9  299.9  299.9
  586.0   4428  -14.9  -24.9     42   0.87    319     12  300.9  303.8  301.0
  561.0   4756  -16.3  -29.3     32   0.61    339     12  303.0  305.1  303.1
  522.0   5293  -21.1  -32.1     37   0.50     11     13  303.5  305.2  303.6
  508.0   5493  -21.9  -25.1     75   0.99     23     14  304.9  308.2  305.1
  500.0   5610  -22.5  -25.4     77   0.98     30     14  305.6  308.9  305.7
  485.0   5834  -23.7  -26.0     81   0.95     29     14  306.7  310.0  306.9
  400.0   7220  -33.1  -38.0     61   0.36     25     15  311.9  313.2  312.0
  379.0   7596  -35.5  -41.5     54   0.27     18     16  313.6  314.6  313.6
  353.0   8084  -40.1  -46.1     53   0.17      8     18  313.8  314.5  313.8
  325.0   8641  -44.1  -63.1     10   0.02    356     20  315.8  315.9  315.8
  300.0   9170  -48.7  -64.7     14   0.02    345     22  316.6  316.7  316.6
  280.0   9622  -52.5  -66.5     17   0.02    341     23  317.4  317.5  317.4
  250.0  10350  -57.1  -71.1     15   0.01    335     25  321.1  321.1  321.1
  200.0  11730  -66.1  -80.1     13   0.00    345     21  327.9  327.9  327.9
  189.0  12073  -68.1  -82.1     12   0.00    339     22  330.1  330.1  330.1
  172.0  12639  -69.7  -83.7     11   0.00    330     24  336.4  336.4  336.4
  164.0  12931  -59.5  -74.5     13   0.01    325     20  358.1  358.2  358.1
  150.0  13490  -61.1  -78.1      9   0.01    315     12  364.6  364.6  364.6
  139.0  13961  -62.5  -82.5      5   0.00    308     15  370.2  370.2  370.2
  133.0  14235  -58.9  -81.9      4   0.00    305     16  381.3  381.3  381.3
  125.0  14623  -60.7  -84.7      3   0.00    299     18  384.8  384.9  384.8
  114.0  15201  -56.3  -83.3      2   0.00    291     21  403.3  403.3  403.3
  104.0  15782  -57.9  -88.9      1   0.00    283     25  410.9  411.0  410.9
  100.0  16030  -55.5  -87.5      1   0.00    280     26  420.2  420.2  420.2
   70.0  18270  -60.9                         290     36  453.8         453.8
   50.0  20340  -65.5                         270     39  488.7         488.7
   34.5  22569  -70.1                         277     48  531.3         531.3
   30.0  23410  -65.1                         280     51  566.6         566.6
   28.0  23832  -62.5                         280     52  585.1         585.1
   20.5  25731  -66.9                         280     58  626.2         626.2
   20.0  25880  -66.5                         280     58  631.9         631.9
   13.3  28400  -60.5                         277     72  730.6         730.6
   11.0  29576  -65.5                         276     78  753.2         753.2
   10.0  30160  -64.7                         275     81  777.0         777.0
**** Station information and sounding indices ****
                             Station number: 10184
                           Observation time: 950108/1200
                           Station latitude: 54.09
                          Station longitude: 13.39
                          Station elevation: 6.0
                            Showalter index: 15.54
                               Lifted index: 28.28
    LIFT computed using virtual temperature: 28.42
                                SWEAT index: 54.02
                                    K index: -23.70
                         Cross totals index: 5.40
                      Vertical totals index: 20.40
                        Totals totals index: 25.80
      Convective Available Potential Energy: 0.00
             CAPE using virtual temperature: 0.00
                      Convective Inhibition: 0.00
             CINS using virtual temperature: 0.00
                     Bulk Richardson Number: 0.00
          Bulk Richardson Number using CAPV: 0.00
  Temp [K] of the Lifted Condensation Level: 262.07
Pres [hPa] of the Lifted Condensation Level: 943.66
     Mean mixed layer potential temperature: 266.47
              Mean mixed layer mixing ratio: 1.75
              1000 hPa to 500 hPa thickness: 5353.00
Precipitable water [mm] for entire sounding: 5.19
Description of the data_columns or sounding_indices.
[Unknown INPUT type] [Unknown INPUT type]
===============================================================================
Interested in graduate studies in atmospheric science? Check out our program at
the University_of_Wyoming
===============================================================================
Questions about the weather data provided by this site can be addressed to
Larry_Oolman_(ldoolman@uwyo.edu)
===============================================================================
