***** 10184 Greifswald Observations at 12Z 07 Jan 1995 *****
-----------------------------------------------------------------------------
   PRES   HGHT   TEMP   DWPT   RELH   MIXR   DRCT   SKNT   THTA   THTE   THTV
    hPa     m      C      C      %    g/kg    deg   knot     K      K      K
-----------------------------------------------------------------------------
 1035.0      6   -4.7   -7.0     84   2.19    290      1  265.8  271.8  266.2
 1000.0    270   -7.3   -8.7     90   1.99     95     10  265.9  271.3  266.2
  994.0    317   -7.7   -8.9     91   1.97     94     10  265.9  271.3  266.2
  925.0    873  -11.3  -11.6     98   1.71     85      9  267.8  272.5  268.0
  921.0    906  -11.5  -11.8     98   1.69     84      9  267.9  272.6  268.1
  908.0   1015  -12.1  -12.5     97   1.62     81      9  268.4  272.9  268.6
  895.0   1126   -9.7  -12.0     83   1.71     77     10  271.9  276.8  272.2
  875.0   1300   -9.5  -14.5     67   1.43     72     10  273.9  278.1  274.1
  869.0   1353   -9.7  -14.7     67   1.41     70     10  274.2  278.4  274.5
  850.0   1524   -9.9  -14.0     72   1.53     65     11  275.8  280.2  276.0
  826.0   1745   -9.7  -15.7     62   1.37     64     12  278.2  282.3  278.5
  819.0   1811   -9.9  -15.9     62   1.36     63     13  278.7  282.8  278.9
  807.0   1924   -9.9  -15.9     62   1.38     62     13  279.9  284.0  280.1
  794.0   2050   -9.9  -16.9     57   1.29     61     14  281.2  285.1  281.4
  788.0   2108   -8.7  -17.7     48   1.21     61     14  283.1  286.8  283.3
  775.0   2237   -8.5  -19.5     41   1.06     60     15  284.6  287.9  284.8
  769.0   2297   -8.5  -20.5     37   0.98     60     15  285.3  288.3  285.4
  740.0   2595  -10.1  -21.1     40   0.97     58     17  286.7  289.7  286.9
  724.0   2763  -10.3  -23.3     34   0.81     57     18  288.3  290.9  288.4
  708.0   2935  -10.7  -26.7     26   0.61     56     19  289.7  291.7  289.8
  700.0   3022  -11.1  -28.1     23   0.54     55     19  290.2  292.0  290.3
  668.0   3380  -12.9  -38.9      9   0.20     52     20  292.1  292.8  292.1
  597.0   4224  -19.7  -41.7     12   0.17     43     23  293.7  294.3  293.7
  580.0   4438  -20.7  -32.7     33   0.42     41     23  295.0  296.4  295.0
  547.0   4869  -22.9  -46.9      9   0.10     37     25  297.3  297.7  297.4
  500.0   5520  -27.9  -50.9      9   0.07     30     27  299.0  299.2  299.0
  457.0   6158  -33.1  -55.1      9   0.05     24     31  300.2  300.4  300.2
  426.0   6648  -36.9  -46.9     35   0.13     19     33  301.5  302.0  301.5
  400.0   7080  -40.3  -51.3     30   0.09     15     36  302.5  302.9  302.6
  370.0   7607  -44.5  -56.5     25   0.05     16     51  303.8  304.0  303.8
  313.0   8720  -47.5  -72.5      4   0.01     19     82  314.5  314.5  314.5
  300.0   9000  -47.5  -71.5      5   0.01     20     90  318.3  318.3  318.3
  275.0   9573  -51.7  -72.7      6   0.01     25    103  320.2  320.3  320.2
  255.0  10062  -54.5  -73.5      8   0.01     25     86  323.1  323.1  323.1
  250.0  10190  -53.9  -73.9      7   0.01     25     82  325.8  325.8  325.8
  236.0  10557  -55.5  -78.5      4   0.00     25     64  328.8  328.8  328.8
  200.0  11610  -54.7  -79.7      3   0.00      5     49  346.0  346.0  346.0
  170.0  12651  -54.1  -82.1      2   0.00      8     33  363.4  363.4  363.4
  150.0  13450  -56.5  -83.5      2   0.00     10     21  372.5  372.5  372.5
  137.0  14024  -58.5  -85.5      2   0.00    345     19  378.8  378.8  378.8
  118.0  14971  -55.5  -87.5      1   0.00    328     18  400.8  400.8  400.8
  100.0  16020  -58.9  -89.9      1   0.00    310     17  413.6  413.7  413.6
   70.0  18250  -59.7                         285     18  456.3         456.3
   62.4  18968  -60.1                         285     21  470.7         470.7
   50.0  20330  -66.1                         285     26  487.3         487.3
   45.3  20924  -68.7                         284     28  494.9         494.9
   30.0  23370  -71.9                         280     36  548.1         548.1
   25.5  24324  -73.1                         282     47  570.7         570.7
   20.0  25760  -69.1                         285     64  624.0         624.0
   15.5  27300  -65.1                         285     75  684.2         684.2
   11.6  29064  -65.9                         285     88  740.5         740.5
   10.0  29970  -64.1                         285     94  779.2         779.2
**** Station information and sounding indices ****
                             Station number: 10184
                           Observation time: 950107/1200
                           Station latitude: 54.09
                          Station longitude: 13.39
                          Station elevation: 6.0
                            Showalter index: 15.80
                               Lifted index: 22.72
    LIFT computed using virtual temperature: 22.72
                                SWEAT index: 48.99
                                    K index: -13.00
                         Cross totals index: 13.90
                      Vertical totals index: 18.00
                        Totals totals index: 31.90
      Convective Available Potential Energy: 0.00
             CAPE using virtual temperature: 0.00
                      Convective Inhibition: 0.00
             CINS using virtual temperature: 0.00
                     Bulk Richardson Number: 0.00
          Bulk Richardson Number using CAPV: 0.00
  Temp [K] of the Lifted Condensation Level: 264.35
Pres [hPa] of the Lifted Condensation Level: 978.83
     Mean mixed layer potential temperature: 265.98
              Mean mixed layer mixing ratio: 2.02
              1000 hPa to 500 hPa thickness: 5250.00
Precipitable water [mm] for entire sounding: 5.61
Description of the data_columns or sounding_indices.
[Unknown INPUT type] [Unknown INPUT type]
===============================================================================
Interested in graduate studies in atmospheric science? Check out our program at
the University_of_Wyoming
===============================================================================
Questions about the weather data provided by this site can be addressed to
Larry_Oolman_(ldoolman@uwyo.edu)
===============================================================================
