***** 10184 Greifswald Observations at 12Z 03 Jan 1995 *****
-----------------------------------------------------------------------------
   PRES   HGHT   TEMP   DWPT   RELH   MIXR   DRCT   SKNT   THTA   THTE   THTV
    hPa     m      C      C      %    g/kg    deg   knot     K      K      K
-----------------------------------------------------------------------------
 1029.0      6   -1.1   -7.1     64   2.19    330      7  269.8  275.9  270.2
 1014.0    123   -1.1  -10.1     50   1.76    358     12  271.0  276.0  271.3
 1000.0    234   -1.9  -11.9     46   1.54     25     17  271.2  275.7  271.5
  947.0    664   -5.3  -17.3     38   1.05     28     20  272.1  275.1  272.2
  933.0    781   -5.3  -24.3     21   0.58     29     21  273.2  275.0  273.3
  925.0    848   -5.5  -26.5     17   0.48     30     21  273.7  275.2  273.8
  911.0    967   -6.3  -28.3     16   0.41     27     23  274.1  275.3  274.1
  856.0   1451  -10.3  -19.3     48   0.98     16     30  274.8  277.7  274.9
  850.0   1505  -10.7  -20.7     44   0.87     15     31  274.9  277.6  275.1
  841.0   1587  -11.3  -24.3     33   0.64     15     31  275.1  277.1  275.2
  801.0   1959  -14.3  -22.3     51   0.80     15     31  275.8  278.2  275.9
  795.0   2016  -14.5  -24.5     42   0.67     15     31  276.2  278.2  276.3
  775.0   2209  -14.7  -36.7     14   0.21     15     31  278.0  278.7  278.0
  757.0   2386  -15.3  -32.3     22   0.34     15     31  279.2  280.3  279.2
  746.0   2497  -16.1  -26.1     42   0.61     15     31  279.5  281.4  279.6
  700.0   2972  -20.3  -28.3     49   0.53     15     31  280.0  281.7  280.1
  623.0   3821  -27.9  -32.0     68   0.42     20     39  280.8  282.1  280.8
  612.0   3950  -26.1  -35.1     43   0.32     21     40  284.3  285.3  284.3
  602.0   4069  -25.3  -49.3      9   0.07     22     41  286.5  286.8  286.5
  586.0   4264  -24.7  -53.7      5   0.04     23     43  289.4  289.6  289.4
  566.0   4516  -25.7  -58.7      3   0.02     24     45  291.1  291.2  291.1
  532.0   4961  -29.7  -43.7     24   0.15     27     49  291.6  292.1  291.6
  500.0   5400  -33.1  -46.1     26   0.12     30     53  292.6  293.1  292.6
  400.0   6930  -45.3  -55.3     32   0.05     30     71  296.0  296.2  296.1
  377.0   7323  -48.5  -57.5     34   0.04     30     72  296.9  297.0  296.9
  351.0   7790  -51.7  -61.7     29   0.03     30     74  298.7  298.8  298.7
  311.0   8570  -55.1  -67.1     21   0.01     30     76  304.4  304.5  304.4
  300.0   8800  -55.9  -68.9     18   0.01     30     74  306.4  306.5  306.4
  278.0   9286  -57.9  -71.9     15   0.01     30     70  310.3  310.3  310.3
  256.0   9809  -58.1  -75.1     10   0.01     26     61  317.4  317.4  317.4
  250.0   9960  -56.7  -74.7      9   0.01     25     59  321.6  321.7  321.6
  245.0  10088  -55.5  -74.5      8   0.01     24     57  325.3  325.3  325.3
  224.0  10659  -53.9  -77.9      4   0.00     18     51  336.2  336.2  336.2
  216.0  10890  -55.1  -80.1      3   0.00     15     48  337.8  337.9  337.8
  200.0  11380  -54.9  -81.9      2   0.00     10     42  345.7  345.7  345.7
  188.0  11776  -54.7  -82.7      2   0.00      4     38  352.2  352.2  352.2
  172.0  12348  -52.3  -85.3      1   0.00    354     32  365.2  365.2  365.2
  150.0  13230  -53.7  -85.7      1   0.00    340     23  377.3  377.4  377.3
  137.0  13812  -54.7  -86.7      1   0.00    332     25  385.5  385.5  385.5
  131.0  14099  -52.7  -85.7      1   0.00    328     25  394.0  394.0  394.0
  100.0  15830  -56.1  -87.1      1   0.00    305     30  419.1  419.1  419.1
   76.6  17503  -61.5                         294     37  441.0         441.0
   70.0  18060  -62.1                         290     40  451.2         451.2
   50.0  20130  -63.7                         275     44  492.9         492.9
   30.0  23250  -66.1                         275     62  563.9         563.9
   29.6  23331  -66.1                         275     62  566.0         566.0
   20.0  25670  -71.1                         270     75  617.8         617.8
   15.0  27392  -68.5                         270     97  679.4         679.4
   12.6  28431  -72.9                         270    111  698.8         698.8
   10.0  29800  -70.9                         270    129  753.9         753.9
**** Station information and sounding indices ****
                             Station number: 10184
                           Observation time: 950103/1200
                           Station latitude: 54.09
                          Station longitude: 13.39
                          Station elevation: 6.0
                            Showalter index: 12.72
                               Lifted index: 14.26
    LIFT computed using virtual temperature: 14.27
                                SWEAT index: 115.00
                                    K index: -6.30
                         Cross totals index: 12.40
                      Vertical totals index: 22.40
                        Totals totals index: 34.80
      Convective Available Potential Energy: 0.00
             CAPE using virtual temperature: 0.00
                      Convective Inhibition: 0.00
             CINS using virtual temperature: 0.00
                     Bulk Richardson Number: 0.00
          Bulk Richardson Number using CAPV: 0.00
  Temp [K] of the Lifted Condensation Level: 259.43
Pres [hPa] of the Lifted Condensation Level: 856.80
     Mean mixed layer potential temperature: 271.15
              Mean mixed layer mixing ratio: 1.58
              1000 hPa to 500 hPa thickness: 5166.00
Precipitable water [mm] for entire sounding: 3.43
Description of the data_columns or sounding_indices.
[Unknown INPUT type] [Unknown INPUT type]
===============================================================================
Interested in graduate studies in atmospheric science? Check out our program at
the University_of_Wyoming
===============================================================================
Questions about the weather data provided by this site can be addressed to
Larry_Oolman_(ldoolman@uwyo.edu)
===============================================================================
