***** 10184 Greifswald Observations at 00Z 04 Jan 1995 *****
-----------------------------------------------------------------------------
   PRES   HGHT   TEMP   DWPT   RELH   MIXR   DRCT   SKNT   THTA   THTE   THTV
    hPa     m      C      C      %    g/kg    deg   knot     K      K      K
-----------------------------------------------------------------------------
 1033.0      6   -3.1   -5.9     81   2.39    275      4  267.6  274.1  267.9
 1019.0    112   -0.3   -5.3     69   2.54    317      8  271.4  278.5  271.8
 1000.0    259   -1.5   -5.9     72   2.47     15     13  271.6  278.6  272.1
  971.0    493   -3.5   -6.8     78   2.38      9     14  271.9  278.6  272.3
  939.0    757   -5.5   -7.3     87   2.36      3     15  272.5  279.1  272.9
  932.0    816   -5.7  -11.7     63   1.68      1     15  272.9  277.7  273.2
  925.0    875   -6.1  -12.1     63   1.64    360     15  273.1  277.8  273.3
  919.0    926   -6.3  -11.3     68   1.76      1     15  273.4  278.4  273.7
  882.0   1245   -9.1  -13.0     73   1.60      8     16  273.7  278.3  274.0
  857.0   1467   -9.9  -23.9     31   0.65     14     17  275.1  277.1  275.2
  850.0   1530  -10.5  -22.5     37   0.74     15     17  275.1  277.4  275.3
  827.0   1740  -12.5  -19.5     56   0.99     18     18  275.2  278.2  275.4
  787.0   2117  -15.1  -26.1     39   0.58     23     21  276.3  278.1  276.4
  754.0   2441  -16.1  -34.1     20   0.28     27     23  278.6  279.6  278.7
  737.0   2612  -16.1  -36.1     16   0.24     30     24  280.5  281.3  280.5
  714.0   2851  -16.3  -40.3     11   0.16     33     26  282.8  283.4  282.8
  709.0   2904  -16.5  -41.5     10   0.14     34     26  283.1  283.6  283.2
  700.0   3000  -16.1  -34.1     20   0.31     35     27  284.6  285.6  284.7
  698.0   3022  -16.1  -32.1     24   0.37     35     27  284.9  286.1  284.9
  641.0   3658  -20.1  -30.1     41   0.49     36     33  287.3  289.0  287.4
  627.0   3821  -20.7  -33.7     30   0.36     37     35  288.5  289.7  288.5
  613.0   3988  -20.9  -36.9     22   0.27     37     36  290.1  291.0  290.1
  595.0   4207  -21.7  -41.7     15   0.17     37     38  291.7  292.2  291.7
  558.0   4678  -23.5  -43.5     14   0.15     38     43  294.9  295.5  295.0
  500.0   5470  -29.7  -43.7     24   0.16     40     50  296.8  297.4  296.8
  492.0   5585  -30.7  -43.7     27   0.16     40     51  296.9  297.5  296.9
  463.0   6016  -32.5  -48.5     19   0.10     42     55  299.9  300.2  299.9
  420.0   6696  -38.7  -46.7     43   0.14     44     62  300.4  300.9  300.4
  406.0   6928  -40.7  -48.7     42   0.11     45     64  300.7  301.2  300.8
  400.0   7030  -41.1  -51.1     33   0.09     45     65  301.5  301.8  301.5
  393.0   7150  -41.7  -53.7     26   0.07     45     66  302.2  302.5  302.2
  362.0   7701  -45.9  -67.9      7   0.01     47     70  303.8  303.9  303.8
  300.0   8920  -56.7  -68.7     21   0.01     50     79  305.3  305.4  305.3
  295.0   9026  -57.7  -68.7     23   0.01     50     80  305.4  305.4  305.4
  269.0   9601  -62.5  -75.5     16   0.01     47     72  306.5  306.6  306.5
  256.0   9905  -63.7  -76.7     15   0.00     45     67  309.1  309.2  309.1
  250.0  10050  -63.1  -76.1     16   0.00     45     63  312.1  312.2  312.1
  200.0  11440  -56.7  -75.7      7   0.01     20     35  342.8  342.9  342.8
  177.0  12222  -53.5  -79.5      3   0.00      1     28  360.2  360.3  360.2
  150.0  13280  -57.1  -88.1      1   0.00    335     19  371.5  371.5  371.5
  149.0  13322  -57.3  -88.3      1   0.00    335     19  371.9  371.9  371.9
  122.0  14599  -53.9  -85.9      1   0.00    315     20  399.9  399.9  399.9
  100.0  15870  -56.9  -87.9      1   0.00    295     21  417.5  417.5  417.5
   76.2  17560  -62.9                         291     35  438.7         438.7
   70.0  18080  -63.3                         290     40  448.6         448.6
   50.0  20140  -64.7                         290     47  490.6         490.6
   33.3  22618  -66.1                         274     57  547.3         547.3
   30.0  23250  -67.5                         270     60  560.1         560.1
   20.0  25660  -72.1                         275     79  614.8         614.8
   16.3  26872  -69.7                         274     85  659.6         659.6
   11.9  28731  -73.3                         271     95  708.8         708.8
   10.0  29760  -69.1                         270    100  760.6         760.6
**** Station information and sounding indices ****
                             Station number: 10184
                           Observation time: 950104/0000
                           Station latitude: 54.09
                          Station longitude: 13.39
                          Station elevation: 6.0
                            Showalter index: 16.24
                               Lifted index: 15.74
    LIFT computed using virtual temperature: 15.74
                                SWEAT index: 83.99
                                    K index: -21.30
                         Cross totals index: 7.20
                      Vertical totals index: 19.20
                        Totals totals index: 26.40
      Convective Available Potential Energy: 0.00
             CAPE using virtual temperature: 0.00
                      Convective Inhibition: 0.00
             CINS using virtual temperature: 0.00
                     Bulk Richardson Number: 0.00
          Bulk Richardson Number using CAPV: 0.00
  Temp [K] of the Lifted Condensation Level: 266.33
Pres [hPa] of the Lifted Condensation Level: 938.75
     Mean mixed layer potential temperature: 271.20
              Mean mixed layer mixing ratio: 2.46
              1000 hPa to 500 hPa thickness: 5211.00
Precipitable water [mm] for entire sounding: 5.17
Description of the data_columns or sounding_indices.
[Unknown INPUT type] [Unknown INPUT type]
===============================================================================
Interested in graduate studies in atmospheric science? Check out our program at
the University_of_Wyoming
===============================================================================
Questions about the weather data provided by this site can be addressed to
Larry_Oolman_(ldoolman@uwyo.edu)
===============================================================================
