***** 10184 Greifswald Observations at 00Z 06 Jan 1995 *****
-----------------------------------------------------------------------------
   PRES   HGHT   TEMP   DWPT   RELH   MIXR   DRCT   SKNT   THTA   THTE   THTV
    hPa     m      C      C      %    g/kg    deg   knot     K      K      K
-----------------------------------------------------------------------------
 1029.0      6   -4.9   -7.7     81   2.09    150     11  266.1  271.8  266.4
 1017.0     96   -5.3   -7.3     86   2.18    150     16  266.6  272.6  266.9
 1000.0    224   -6.5   -8.1     88   2.09    150     22  266.6  272.4  267.0
  937.0    728  -11.1  -11.4     98   1.72    158     22  267.0  271.8  267.2
  930.0    785  -10.9  -11.2     98   1.76    159     22  267.7  272.7  268.0
  925.0    827   -7.5  -12.0     70   1.66    160     22  271.6  276.4  271.9
  923.0    844   -6.1  -13.1     58   1.52    160     22  273.2  277.6  273.5
  911.0    946   -4.7  -20.7     27   0.81    159     21  275.7  278.2  275.8
  899.0   1051   -3.1  -20.1     26   0.87    158     21  278.4  281.1  278.5
  880.0   1220   -2.9  -19.9     26   0.90    157     20  280.3  283.1  280.5
  874.0   1274   -3.1  -22.1     22   0.75    157     20  280.6  283.0  280.8
  856.0   1438   -3.3  -36.3      6   0.20    155     19  282.1  282.8  282.1
  850.0   1494   -3.5  -37.5      5   0.18    155     19  282.5  283.1  282.5
  805.0   1922   -5.7  -41.7      4   0.12    161     18  284.6  285.0  284.6
  793.0   2039   -5.5  -39.5      5   0.16    162     17  286.0  286.5  286.0
  720.0   2790   -9.9  -33.9     12   0.30    172     15  289.1  290.2  289.2
  700.0   3006  -11.5  -32.5     16   0.36    175     14  289.7  290.9  289.8
  614.0   3996  -18.9  -31.9     31   0.43    175     17  292.3  293.7  292.4
  577.0   4455  -22.3  -49.3      7   0.07    175     19  293.5  293.8  293.5
  565.0   4609  -23.5  -46.5     10   0.10    175     19  293.9  294.3  293.9
  556.0   4726  -24.5  -34.5     39   0.37    175     19  294.1  295.3  294.1
  510.0   5349  -29.1  -44.1     22   0.15    175     22  295.8  296.4  295.9
  500.0   5490  -30.3  -46.3     19   0.12    175     22  296.0  296.5  296.1
  448.0   6263  -36.5  -55.5     12   0.05    190     29  297.7  297.9  297.7
  400.0   7040  -43.3  -55.3     25   0.05    205     36  298.6  298.8  298.6
  363.0   7683  -48.9  -56.9     39   0.05    214     29  299.6  299.7  299.6
  353.0   7865  -50.5  -59.5     34   0.04    216     27  299.8  299.9  299.8
  337.0   8166  -52.1  -64.1     22   0.02    220     24  301.6  301.7  301.6
  313.0   8644  -50.3  -69.3      9   0.01    271     16  310.6  310.6  310.6
  300.0   8920  -50.7  -71.7      7   0.01    300     12  313.8  313.8  313.8
  293.0   9074  -50.9  -73.9      5   0.01    308     12  315.6  315.6  315.6
  255.0   9973  -54.3  -78.3      4   0.00    355      9  323.4  323.4  323.4
  250.0  10100  -54.3  -78.3      4   0.00    350      8  325.2  325.2  325.2
  209.0  11248  -54.7  -77.7      4   0.00    326     10  341.7  341.7  341.7
  200.0  11530  -53.7  -78.7      3   0.00    320     11  347.6  347.6  347.6
  160.0  12979  -49.1  -83.1      1   0.00    293      9  378.2  378.2  378.2
  150.0  13400  -51.1  -84.1      1   0.00    285      8  381.8  381.8  381.8
  138.0  13939  -53.5  -85.5      1   0.00    286     11  386.8  386.8  386.8
  118.0  14943  -55.1  -87.1      1   0.00    288     17  401.5  401.6  401.5
  109.0  15446  -58.3  -89.3      1   0.00    289     20  404.7  404.7  404.7
  100.0  15990  -57.1  -88.1      1   0.00    290     23  417.1  417.1  417.1
   81.5  17269  -61.7                         279     26  432.8         432.8
   70.0  18210  -61.9                         270     29  451.6         451.6
   56.8  19506  -62.1                         264     28  478.9         478.9
   50.0  20290  -65.3                         260     27  489.2         489.2
   42.6  21255  -69.1                         263     34  502.7         502.7
   37.6  22005  -66.9                         266     39  526.6         526.6
   30.0  23360  -69.3                         270     48  555.2         555.2
   20.0  25760  -73.1                         275     64  611.7         611.7
   13.0  28272  -76.9                         278     91  678.7         678.7
   10.0  29800  -73.5                         280    107  744.2         744.2
**** Station information and sounding indices ****
                             Station number: 10184
                           Observation time: 950106/0000
                           Station latitude: 54.09
                          Station longitude: 13.39
                          Station elevation: 6.0
                            Showalter index: 11.19
                               Lifted index: 19.73
    LIFT computed using virtual temperature: 19.73
                                SWEAT index: 60.00
                                    K index: -31.70
                         Cross totals index: -7.20
                      Vertical totals index: 26.80
                        Totals totals index: 19.60
      Convective Available Potential Energy: 0.71
             CAPE using virtual temperature: 0.81
                      Convective Inhibition: -0.08
             CINS using virtual temperature: -0.05
                           Equilibrum Level: 933.97
 Equilibrum Level using virtual temperature: 933.89
                   Level of Free Convection: 957.83
             LFCT using virtual temperature: 958.16
                     Bulk Richardson Number: 0.22
          Bulk Richardson Number using CAPV: 0.25
  Temp [K] of the Lifted Condensation Level: 264.43
Pres [hPa] of the Lifted Condensation Level: 971.60
     Mean mixed layer potential temperature: 266.63
              Mean mixed layer mixing ratio: 2.05
              1000 hPa to 500 hPa thickness: 5266.00
Precipitable water [mm] for entire sounding: 3.71
Description of the data_columns or sounding_indices.
[Unknown INPUT type] [Unknown INPUT type]
===============================================================================
Interested in graduate studies in atmospheric science? Check out our program at
the University_of_Wyoming
===============================================================================
Questions about the weather data provided by this site can be addressed to
Larry_Oolman_(ldoolman@uwyo.edu)
===============================================================================
