***** 10184 Greifswald Observations at 12Z 02 Jan 1995 *****
-----------------------------------------------------------------------------
   PRES   HGHT   TEMP   DWPT   RELH   MIXR   DRCT   SKNT   THTA   THTE   THTV
    hPa     m      C      C      %    g/kg    deg   knot     K      K      K
-----------------------------------------------------------------------------
 1000.0    -26
  997.0      6    0.2   -1.1     91   3.55    345      6  273.6  283.4  274.2
  985.0    102    0.0   -4.1     74   2.88    348      8  274.3  282.4  274.8
  925.0    594   -4.9   -6.7     87   2.51      5     18  274.3  281.4  274.7
  922.0    620   -5.1   -6.8     88   2.50      5     18  274.3  281.4  274.8
  896.0    844   -5.9   -8.5     82   2.26      3     16  275.8  282.2  276.1
  851.0   1245   -9.3   -9.8     96   2.14      0     13  276.3  282.5  276.7
  850.0   1254   -9.5  -10.0     96   2.11    360     13  276.2  282.3  276.5
  813.0   1597  -11.7  -12.2     96   1.85      2     12  277.4  282.8  277.7
  760.0   2110  -15.1  -21.1     60   0.94      6     11  279.1  282.0  279.3
  748.0   2230  -15.9  -20.9     65   0.97      7     10  279.5  282.5  279.7
  700.0   2726  -19.7  -24.1     68   0.78     10      9  280.6  283.1  280.8
  618.0   3639  -26.7  -29.4     78   0.55     29      6  282.8  284.5  282.9
  500.0   5130  -39.7  -43.9     64   0.16     60      1  284.6  285.1  284.6
  421.0   6276  -49.7  -54.7     56   0.05     25      7  286.1  286.3  286.1
  400.0   6610  -49.3  -58.3     34   0.04     25      8  290.8  291.0  290.9
  388.0   6810  -49.1  -62.1     20   0.02     21      9  293.6  293.7  293.6
  331.0   7853  -48.3  -69.3      7   0.01    359     17  308.4  308.4  308.4
  314.0   8201  -47.9  -67.9      8   0.01    351     20  313.6  313.7  313.6
  304.0   8413  -49.5  -70.5      7   0.01    347     21  314.3  314.3  314.3
  300.0   8500  -49.3  -70.3      7   0.01    345     22  315.8  315.8  315.8
  284.0   8861  -48.3  -70.3      6   0.01    347     22  322.2  322.2  322.2
  250.0   9700  -49.3  -72.3      5   0.01    350     23  332.6  332.7  332.6
  231.0  10216  -49.9  -72.9      5   0.01    339     24  339.3  339.4  339.3
  200.0  11160  -47.1  -72.1      4   0.01    320     25  358.0  358.1  358.0
  168.0  12313  -48.9  -82.9      1   0.00    308     27  373.3  373.3  373.3
  150.0  13060  -48.5  -82.5      1   0.00    300     29  386.3  386.3  386.3
  139.0  13562  -48.3  -82.3      1   0.00    296     32  395.1  395.2  395.1
  129.0  14051  -50.5  -83.5      1   0.00    293     34  399.7  399.7  399.7
  120.0  14524  -49.5  -83.5      1   0.00    289     37  409.9  409.9  409.9
  100.0  15710  -52.7  -85.7      1   0.00    280     43  425.6  425.6  425.6
   80.4  17097  -58.3                         283     49  441.5         441.5
   70.0  17970  -56.7                         285     52  462.7         462.7
   69.6  18006  -56.7                         285     52  463.5         463.5
   52.9  19715  -64.1                         277     57  484.1         484.1
   50.0  20060  -64.3                         275     58  491.5         491.5
   30.0  23180  -65.3                         270     70  566.0         566.0
   24.0  24552  -65.7                         270     83  602.2         602.2
   21.0  25365  -68.9                         270     90  615.9         615.9
   20.0  25660  -69.1                         270     93  624.0         624.0
   15.3  27259  -69.7                         270    110  671.6         671.6
   13.7  27911  -73.3                         270    118  680.9         680.9
   12.3  28551  -67.9                         270    125  721.1         721.1
   10.0  29790  -69.7                         270    138  758.4         758.4
**** Station information and sounding indices ****
                             Station number: 10184
                           Observation time: 950102/1200
                           Station latitude: 54.09
                          Station longitude: 13.39
                          Station elevation: 6.0
                            Showalter index: 2.43
                               Lifted index: 2.54
    LIFT computed using virtual temperature: 2.54
                                SWEAT index: 244.98
                                    K index: 15.80
                         Cross totals index: 29.70
                      Vertical totals index: 30.20
                        Totals totals index: 59.90
      Convective Available Potential Energy: 0.00
             CAPE using virtual temperature: 0.00
                      Convective Inhibition: 0.00
             CINS using virtual temperature: 0.00
                     Bulk Richardson Number: 0.00
          Bulk Richardson Number using CAPV: 0.00
  Temp [K] of the Lifted Condensation Level: 267.84
Pres [hPa] of the Lifted Condensation Level: 920.86
     Mean mixed layer potential temperature: 274.25
              Mean mixed layer mixing ratio: 2.82
              1000 hPa to 500 hPa thickness: 5156.00
Precipitable water [mm] for entire sounding: 6.94
Description of the data_columns or sounding_indices.
[Unknown INPUT type] [Unknown INPUT type]
===============================================================================
Interested in graduate studies in atmospheric science? Check out our program at
the University_of_Wyoming
===============================================================================
Questions about the weather data provided by this site can be addressed to
Larry_Oolman_(ldoolman@uwyo.edu)
===============================================================================
