***** 10184 Greifswald Observations at 12Z 04 Jan 1995 *****
-----------------------------------------------------------------------------
   PRES   HGHT   TEMP   DWPT   RELH   MIXR   DRCT   SKNT   THTA   THTE   THTV
    hPa     m      C      C      %    g/kg    deg   knot     K      K      K
-----------------------------------------------------------------------------
 1036.0      6   -1.1   -2.8     88   3.02    350      1  269.3  277.6  269.8
 1015.0    167   -1.1   -6.1     69   2.40     65      7  270.9  277.6  271.3
 1008.0    221   -1.1  -10.1     50   1.77     91      9  271.4  276.5  271.7
 1000.0    284   -1.7   -9.7     54   1.84    120     11  271.4  276.7  271.8
  925.0    898   -7.1  -11.7     70   1.70    115     11  272.0  276.9  272.3
  851.0   1541  -12.9  -14.7     86   1.44     95     15  272.5  276.7  272.8
  850.0   1550  -12.9  -15.1     84   1.40     95     15  272.6  276.7  272.9
  816.0   1862  -12.1  -41.1      7   0.13     93     17  276.7  277.1  276.7
  799.0   2022  -12.9  -37.9     10   0.18     92     18  277.5  278.1  277.5
  781.0   2196  -13.1  -39.1      9   0.17     91     19  279.1  279.6  279.1
  769.0   2314  -13.9  -39.9      9   0.16     90     20  279.4  280.0  279.5
  747.0   2534  -13.5  -37.5     11   0.20     88     21  282.2  282.9  282.2
  725.0   2761  -14.7  -33.7     18   0.31     87     22  283.3  284.4  283.4
  713.0   2887  -14.9  -33.9     18   0.31     86     23  284.5  285.5  284.5
  700.0   3026  -15.3  -35.3     16   0.27     85     24  285.5  286.4  285.6
  691.0   3124  -15.5  -36.5     15   0.24     84     24  286.4  287.2  286.4
  675.0   3300  -15.5  -37.5     13   0.23     83     25  288.3  289.1  288.3
  658.0   3492  -15.7  -36.7     15   0.25     82     25  290.1  291.0  290.2
  617.0   3973  -19.7  -34.7     25   0.33     79     27  290.9  292.1  291.0
  576.0   4480  -22.1  -34.1     33   0.37     76     28  293.9  295.2  294.0
  546.0   4872  -24.3  -38.3     26   0.26     74     29  295.8  296.7  295.9
  532.0   5061  -23.9  -43.9     14   0.15     73     30  298.5  299.0  298.5
  523.0   5185  -24.7  -45.7     12   0.12     72     30  299.0  299.5  299.0
  505.0   5438  -26.9  -48.9     11   0.09     70     31  299.3  299.7  299.4
  500.0   5510  -27.5  -48.5     12   0.09     70     31  299.4  299.8  299.5
  446.0   6325  -33.9  -51.9     15   0.07     62     33  301.3  301.6  301.3
  400.0   7080  -41.1  -54.1     23   0.06     55     34  301.5  301.7  301.5
  398.0   7114  -41.5  -53.5     26   0.07     55     34  301.4  301.7  301.4
  390.0   7251  -42.5  -53.5     29   0.07     55     35  301.9  302.1  301.9
  360.0   7786  -45.9  -60.9     17   0.03     53     39  304.3  304.4  304.3
  300.0   8970  -55.9  -70.9     14   0.01     50     47  306.4  306.5  306.4
  261.0   9844  -63.1  -79.1     10   0.00     54     48  308.3  308.3  308.3
  253.0  10037  -63.3  -79.3     10   0.00     55     48  310.8  310.8  310.8
  250.0  10110  -63.7  -79.7     10   0.00     55     48  311.2  311.2  311.2
  246.0  10209  -64.1  -81.1      8   0.00     55     47  312.1  312.1  312.1
  200.0  11490  -59.1  -81.1      4   0.00     25     28  339.0  339.0  339.0
  166.0  12667  -55.1  -87.1      1   0.00    359     26  364.2  364.2  364.2
  150.0  13310  -56.7  -87.7      1   0.00    345     25  372.2  372.2  372.2
  147.0  13438  -57.1  -88.1      1   0.00    344     25  373.6  373.7  373.6
  105.0  15572  -57.1  -88.1      1   0.00    332     27  411.4  411.4  411.4
  100.0  15880  -58.7  -89.7      1   0.00    330     27  414.0  414.1  414.0
   70.0  18100  -62.1                         310     35  451.2         451.2
   50.0  20170  -64.9                         275     40  490.1         490.1
   48.3  20380  -65.1                         276     41  494.5         494.5
   32.3  22777  -72.3                         284     54  535.6         535.6
   30.0  23210  -71.9                         285     56  548.1         548.1
   20.0  25600  -70.7                         280     76  619.1         619.1
   16.1  26878  -73.9                         278     86  648.2         648.2
   10.0  29690  -69.7                         275    109  758.4         758.4
**** Station information and sounding indices ****
                             Station number: 10184
                           Observation time: 950104/1200
                           Station latitude: 54.09
                          Station longitude: 13.39
                          Station elevation: 6.0
                            Showalter index: 19.01
                               Lifted index: 18.83
    LIFT computed using virtual temperature: 18.83
                                SWEAT index: 60.99
                                    K index: -20.50
                         Cross totals index: 12.40
                      Vertical totals index: 14.60
                        Totals totals index: 27.00
      Convective Available Potential Energy: 0.00
             CAPE using virtual temperature: 0.00
                      Convective Inhibition: 0.00
             CINS using virtual temperature: 0.00
                     Bulk Richardson Number: 0.00
          Bulk Richardson Number using CAPV: 0.00
  Temp [K] of the Lifted Condensation Level: 263.92
Pres [hPa] of the Lifted Condensation Level: 911.45
     Mean mixed layer potential temperature: 271.02
              Mean mixed layer mixing ratio: 2.14
              1000 hPa to 500 hPa thickness: 5226.00
Precipitable water [mm] for entire sounding: 4.59
Description of the data_columns or sounding_indices.
[Unknown INPUT type] [Unknown INPUT type]
===============================================================================
Interested in graduate studies in atmospheric science? Check out our program at
the University_of_Wyoming
===============================================================================
Questions about the weather data provided by this site can be addressed to
Larry_Oolman_(ldoolman@uwyo.edu)
===============================================================================
