***** 10184 Greifswald Observations at 00Z 05 Jan 1995 *****
-----------------------------------------------------------------------------
   PRES   HGHT   TEMP   DWPT   RELH   MIXR   DRCT   SKNT   THTA   THTE   THTV
    hPa     m      C      C      %    g/kg    deg   knot     K      K      K
-----------------------------------------------------------------------------
 1038.0      6   -8.5   -9.3     94   1.83    145      6  261.8  266.8  262.1
 1022.0    126   -3.7   -7.7     74   2.11    143      8  267.8  273.6  268.1
 1015.0    179   -3.9   -8.4     71   2.01    142      9  268.1  273.7  268.4
 1000.0    295   -3.9  -11.9     54   1.54    140     11  269.2  273.6  269.5
  985.0    414   -4.1  -17.1     36   1.02    139     11  270.2  273.2  270.4
  925.0    907   -8.1  -20.1     37   0.84    135     10  271.0  273.5  271.2
  850.0   1557  -13.3  -23.3     43   0.69    140     14  272.2  274.3  272.3
  843.0   1620  -13.9  -23.9     43   0.66    139     14  272.2  274.2  272.3
  831.0   1729  -13.1  -29.1     25   0.42    138     15  274.2  275.5  274.2
  825.0   1784  -10.7  -43.7      5   0.10    138     15  277.3  277.6  277.3
  806.0   1964  -10.7  -41.7      6   0.12    136     16  279.1  279.6  279.1
  788.0   2137  -10.9  -42.9      5   0.11    134     17  280.7  281.1  280.7
  711.0   2921  -15.1  -41.1      9   0.15    126     21  284.5  285.0  284.5
  700.0   3039  -14.3  -42.3      7   0.13    125     22  286.6  287.1  286.6
  663.0   3448  -16.9  -49.9      4   0.06    117     23  288.2  288.4  288.2
  640.0   3713  -15.7  -43.7      7   0.12    112     24  292.5  292.9  292.5
  609.0   4086  -17.3  -46.3      6   0.10    104     24  294.8  295.2  294.8
  573.0   4538  -21.1  -49.1      6   0.08     95     26  295.5  295.8  295.5
  559.0   4720  -21.3  -53.3      4   0.05     92     26  297.4  297.6  297.4
  500.0   5530  -28.5  -52.5      8   0.06     75     28  298.2  298.5  298.2
  496.0   5588  -28.9  -52.9      8   0.06     75     28  298.4  298.6  298.4
  451.0   6262  -35.3  -50.3     20   0.08     75     29  298.6  298.9  298.6
  438.0   6465  -37.3  -48.3     31   0.11     75     29  298.6  299.0  298.6
  403.0   7039  -40.3  -60.3     10   0.03     75     30  301.9  302.0  301.9
  400.0   7090  -40.9  -60.9     10   0.03     75     30  301.8  301.9  301.8
  390.0   7262  -42.5  -62.5      9   0.02     74     30  301.9  301.9  301.9
  344.0   8096  -50.1  -67.1     12   0.01     70     33  302.6  302.6  302.6
  307.0   8832  -54.7  -73.7      8   0.01     66     35  306.1  306.1  306.1
  300.0   8980  -54.3  -74.3      7   0.01     65     35  308.7  308.7  308.7
  299.0   9001  -54.3  -74.3      7   0.01     65     35  309.0  309.0  309.0
  250.0  10130  -59.9  -79.9      6   0.00     55     29  316.9  316.9  316.9
  240.0  10383  -61.3  -81.3      5   0.00     45     31  318.5  318.5  318.5
  223.0  10843  -56.3  -76.3      6   0.01     41     28  332.9  333.0  332.9
  200.0  11530  -58.1  -79.1      5   0.00     35     23  340.6  340.6  340.6
  197.0  11625  -58.3  -79.3      5   0.00     33     22  341.8  341.8  341.8
  186.0  11992  -53.5  -79.5      3   0.00     27     20  355.2  355.2  355.2
  150.0  13380  -53.9  -82.9      2   0.00      5     12  377.0  377.0  377.0
  136.0  14006  -54.1  -86.1      1   0.00    358     15  387.4  387.4  387.4
  100.0  15950  -58.5  -89.5      1   0.00    335     23  414.4  414.4  414.4
   76.5  17615  -63.3                         316     25  437.4         437.4
   70.0  18160  -63.7                         310     26  447.8         447.8
   50.0  20220  -64.9                         310     37  490.1         490.1
   45.1  20849  -65.1                         306     40  504.3         504.3
   34.3  22494  -70.9                         295     47  530.1         530.1
   30.0  23290  -69.5                         290     51  554.6         554.6
   21.1  25368  -75.1                         286     68  596.4         596.4
   20.0  25680  -75.1                         285     70  605.6         605.6
   10.3  29528  -75.3                         285    109  731.3         731.3
   10.0  29700  -74.3                         285    111  741.2         741.2
**** Station information and sounding indices ****
                             Station number: 10184
                           Observation time: 950105/0000
                           Station latitude: 54.09
                          Station longitude: 13.39
                          Station elevation: 6.0
                            Showalter index: 19.90
                               Lifted index: 21.32
    LIFT computed using virtual temperature: 21.31
                                SWEAT index: 56.00
                                    K index: -36.10
                         Cross totals index: 5.20
                      Vertical totals index: 15.20
                        Totals totals index: 20.40
      Convective Available Potential Energy: 0.00
             CAPE using virtual temperature: 0.00
                      Convective Inhibition: 0.00
             CINS using virtual temperature: 0.00
                     Bulk Richardson Number: 0.00
          Bulk Richardson Number using CAPV: 0.00
  Temp [K] of the Lifted Condensation Level: 259.91
Pres [hPa] of the Lifted Condensation Level: 896.54
     Mean mixed layer potential temperature: 268.17
              Mean mixed layer mixing ratio: 1.60
              1000 hPa to 500 hPa thickness: 5235.00
Precipitable water [mm] for entire sounding: 2.65
Description of the data_columns or sounding_indices.
[Unknown INPUT type] [Unknown INPUT type]
===============================================================================
Interested in graduate studies in atmospheric science? Check out our program at
the University_of_Wyoming
===============================================================================
Questions about the weather data provided by this site can be addressed to
Larry_Oolman_(ldoolman@uwyo.edu)
===============================================================================
