***** 10184 Greifswald Observations at 00Z 07 Jan 1995 *****
-----------------------------------------------------------------------------
   PRES   HGHT   TEMP   DWPT   RELH   MIXR   DRCT   SKNT   THTA   THTE   THTV
    hPa     m      C      C      %    g/kg    deg   knot     K      K      K
-----------------------------------------------------------------------------
 1028.0      6   -9.9  -11.1     91   1.60    130      3  261.2  265.6  261.4
 1021.0     57   -7.3  -10.2     80   1.73    137      4  264.3  269.1  264.6
 1009.0    147   -6.5  -10.4     74   1.73    150      6  266.0  270.8  266.2
 1000.0    215   -6.9  -10.5     76   1.73    160      7  266.2  271.1  266.5
  963.0    508   -8.9  -11.6     81   1.64    141      8  267.1  271.7  267.4
  943.0    671   -9.1  -12.4     77   1.57    130      9  268.5  273.0  268.8
  937.0    720   -9.3  -12.4     78   1.58    127     10  268.8  273.3  269.1
  925.0    820   -8.7  -12.1     76   1.64    120     10  270.4  275.1  270.7
  913.0    921   -8.3  -11.9     75   1.69    118     10  271.8  276.7  272.1
  901.0   1024   -8.3  -11.3     79   1.80    115     11  272.9  278.0  273.2
  883.0   1181   -6.9  -10.9     73   1.89    112     12  275.9  281.4  276.2
  850.0   1477   -8.5  -12.9     71   1.68    105     13  277.2  282.1  277.5
  813.0   1821  -10.3  -15.1     68   1.46     95     12  278.9  283.2  279.1
  797.0   1974  -10.3  -14.9     69   1.52     90     11  280.4  285.0  280.7
  752.0   2425   -7.3  -16.3     49   1.43     77      9  288.4  292.9  288.7
  735.0   2603   -8.3  -18.3     44   1.24     71      9  289.2  293.1  289.4
  700.0   2980  -10.7  -20.7     44   1.06     60      7  290.6  294.0  290.8
  615.0   3964  -17.3  -27.3     41   0.67     45     11  294.0  296.2  294.1
  602.0   4124  -16.9  -26.9     42   0.71     42     11  296.2  298.6  296.4
  594.0   4225  -17.3  -28.3     38   0.63     40     12  296.9  299.0  297.0
  520.0   5206  -25.7  -37.7     32   0.29     25     16  298.3  299.3  298.3
  500.0   5490  -27.3  -44.3     18   0.15     20     17  299.7  300.2  299.7
  488.0   5664  -28.5  -51.5      9   0.07     19     17  300.3  300.6  300.3
  455.0   6160  -32.7  -53.7     10   0.06     16     17  301.1  301.3  301.1
  400.0   7050  -41.1  -54.1     23   0.06     10     16  301.5  301.7  301.5
  377.0   7449  -44.9  -54.9     32   0.06      9     18  301.6  301.9  301.6
  359.0   7774  -47.9  -58.9     27   0.04      8     19  301.8  302.0  301.9
  353.0   7885  -48.1  -61.1     21   0.03      8     20  303.0  303.1  303.0
  339.0   8152  -48.1  -67.1      9   0.01      7     21  306.6  306.6  306.6
  328.0   8368  -49.3  -71.3      6   0.01      7     22  307.8  307.8  307.8
  310.0   8737  -50.7  -64.7     17   0.02      6     24  310.9  310.9  310.9
  300.0   8950  -52.1  -65.1     19   0.02      5     25  311.8  311.9  311.8
  280.0   9396  -54.9  -65.9     24   0.02    358     25  314.0  314.1  314.0
  272.0   9581  -55.9  -67.9     21   0.02    355     25  315.1  315.2  315.1
  250.0  10120  -55.9  -69.9     16   0.01    350     25  322.8  322.9  322.8
  228.0  10706  -56.1  -73.1     10   0.01    352     20  331.1  331.2  331.1
  213.0  11143  -52.5  -73.5      6   0.01    354     17  343.2  343.3  343.2
  200.0  11550  -52.9  -75.9      5   0.01    355     14  348.8  348.9  348.8
  165.0  12783  -54.1  -82.1      2   0.00    322     16  366.5  366.6  366.5
  157.0  13103  -49.9  -78.9      2   0.01    313     17  378.9  378.9  378.9
  150.0  13400  -50.7  -80.7      2   0.00    305     17  382.5  382.5  382.5
  131.0  14280  -52.7  -85.7      1   0.00    295     19  394.0  394.0  394.0
  114.0  15170  -57.3  -88.3      1   0.00    285     20  401.4  401.4  401.4
  100.0  16000  -56.9  -87.9      1   0.00    275     22  417.5  417.5  417.5
   93.5  16423  -59.9                         274     21  419.7         419.7
   70.0  18220  -62.5                         270     19  450.3         450.3
   50.0  20280  -65.3                         285     35  489.2         489.2
   40.0  21635  -66.9                         281     42  517.4         517.4
   33.1  22769  -71.3                         277     48  534.5         534.5
   30.0  23350  -71.9                         275     51  548.1         548.1
   20.0  25730  -74.3                         270     63  608.1         608.1
   16.6  26813  -75.1                         273     73  638.7         638.7
   10.0  29810  -67.5                         280    100  766.6         766.6
**** Station information and sounding indices ****
                             Station number: 10184
                           Observation time: 950107/0000
                           Station latitude: 54.09
                          Station longitude: 13.39
                          Station elevation: 6.0
                            Showalter index: 14.92
                               Lifted index: 24.07
    LIFT computed using virtual temperature: 24.09
                                SWEAT index: 42.99
                                    K index: -4.10
                         Cross totals index: 14.40
                      Vertical totals index: 18.80
                        Totals totals index: 33.20
      Convective Available Potential Energy: 0.00
             CAPE using virtual temperature: 0.00
                      Convective Inhibition: 0.00
             CINS using virtual temperature: 0.00
                     Bulk Richardson Number: 0.00
          Bulk Richardson Number using CAPV: 0.00
  Temp [K] of the Lifted Condensation Level: 261.73
Pres [hPa] of the Lifted Condensation Level: 946.67
     Mean mixed layer potential temperature: 265.88
              Mean mixed layer mixing ratio: 1.70
              1000 hPa to 500 hPa thickness: 5275.00
Precipitable water [mm] for entire sounding: 6.66
Description of the data_columns or sounding_indices.
[Unknown INPUT type] [Unknown INPUT type]
===============================================================================
Interested in graduate studies in atmospheric science? Check out our program at
the University_of_Wyoming
===============================================================================
Questions about the weather data provided by this site can be addressed to
Larry_Oolman_(ldoolman@uwyo.edu)
===============================================================================
