***** 10184 Greifswald Observations at 00Z 08 Jan 1995 *****
-----------------------------------------------------------------------------
   PRES   HGHT   TEMP   DWPT   RELH   MIXR   DRCT   SKNT   THTA   THTE   THTV
    hPa     m      C      C      %    g/kg    deg   knot     K      K      K
-----------------------------------------------------------------------------
 1038.0      6   -8.5   -9.7     91   1.77    210      2  261.8  266.7  262.1
 1013.0    193   -5.9   -7.3     90   2.19    200     12  266.3  272.3  266.6
 1000.0    293   -6.5   -7.9     90   2.12    195     17  266.6  272.5  267.0
  976.0    482   -7.7   -9.2     89   1.96    195     16  267.3  272.7  267.6
  942.0    758   -7.9  -10.3     83   1.86    195     15  269.8  275.1  270.1
  925.0    899   -8.5  -11.8     77   1.68    195     14  270.6  275.4  270.9
  921.0    933   -8.7  -12.2     76   1.64    194     14  270.7  275.4  271.0
  908.0   1043   -8.1  -12.1     73   1.67    192     13  272.5  277.3  272.7
  894.0   1164   -6.1  -12.1     63   1.70    189     13  275.7  280.7  276.0
  850.0   1561   -4.9  -14.9     45   1.42    180     11  281.0  285.3  281.2
  838.0   1673   -4.5  -16.5     39   1.26    170     11  282.6  286.4  282.8
  813.0   1911   -4.3  -18.3     33   1.12    150     10  285.2  288.7  285.4
  767.0   2368   -6.7  -22.7     27   0.81    111      8  287.4  290.0  287.6
  756.0   2481   -6.3  -22.3     27   0.85    102      7  289.1  291.8  289.2
  723.0   2829   -7.7  -37.7      7   0.21     72      6  291.2  291.9  291.3
  700.0   3079   -9.7  -37.7      8   0.21     50      5  291.7  292.5  291.8
  666.0   3461  -12.7  -37.7     10   0.23     47     12  292.5  293.3  292.6
  625.0   3943  -14.3  -43.3      7   0.13     43     20  296.1  296.5  296.1
  568.0   4660  -19.9  -35.9     23   0.32     38     32  297.7  298.8  297.7
  545.0   4965  -21.3  -47.3      8   0.10     35     38  299.5  299.9  299.6
  521.0   5297  -21.3  -55.3      3   0.04     32     44  303.4  303.6  303.4
  508.0   5483  -21.9  -55.9      3   0.04     31     47  304.9  305.1  304.9
  500.0   5600  -21.7  -57.7      2   0.03     30     49  306.5  306.6  306.5
  492.0   5719  -21.5  -58.5      2   0.03     30     50  308.2  308.3  308.2
  443.0   6486  -27.7  -42.7     23   0.20     30     57  309.7  310.5  309.8
  435.0   6618  -27.7  -43.7     20   0.18     30     58  311.4  312.1  311.4
  412.0   7009  -28.9  -50.9     10   0.09     30     62  314.7  315.0  314.7
  400.0   7220  -30.9  -49.9     14   0.10     30     64  314.8  315.1  314.8
  366.0   7842  -36.9  -49.9     25   0.11     32     67  314.8  315.3  314.9
  356.0   8033  -38.3  -50.3     27   0.11     32     68  315.5  315.9  315.5
  300.0   9190  -46.5  -62.5     15   0.03     35     75  319.7  319.8  319.7
  285.0   9527  -48.9  -66.9     11   0.02     32     78  321.0  321.1  321.0
  250.0  10370  -55.7  -69.7     16   0.01     25     84  323.1  323.2  323.1
  227.0  10979  -60.9  -72.9     19   0.01     20     89  324.2  324.3  324.2
  219.0  11201  -62.5  -73.5     21   0.01     21     86  325.1  325.1  325.1
  212.0  11402  -62.5  -73.5     21   0.01     23     84  328.1  328.2  328.1
  200.0  11760  -65.3  -77.3     17   0.01     25     80  329.2  329.2  329.2
  175.0  12560  -71.7  -83.7     15   0.00     25     65  331.5  331.5  331.5
  165.0  12914  -62.7  -75.7     16   0.01     21     51  352.1  352.2  352.1
  152.0  13419  -63.5  -79.5     10   0.00     16     31  359.1  359.2  359.1
  150.0  13500  -62.5  -78.5     10   0.01     15     28  362.2  362.2  362.2
  141.0  13888  -57.1  -76.1      7   0.01      7     28  378.1  378.2  378.1
  123.0  14749  -60.1  -84.1      3   0.00    348     28  387.7  387.7  387.7
  100.0  16050  -58.5  -85.5      2   0.00    320     27  414.4  414.4  414.4
   70.0  18260  -63.7                         285     24  447.8         447.8
   68.5  18393  -63.9                         285     24  450.1         450.1
   50.0  20320  -63.9                         290     27  492.5         492.5
   48.5  20508  -63.9                         290     29  496.8         496.8
   38.9  21857  -67.1                         288     41  521.0         521.0
   34.1  22646  -72.3                         286     48  527.3         527.3
   30.0  23410  -69.1                         285     55  555.7         555.7
   25.8  24322  -65.5                         289     54  590.4         590.4
   20.8  25632  -66.9                         294     53  623.7         623.7
   20.0  25870  -66.1                         295     53  633.1         633.1
   15.9  27268  -61.7                         292     63  690.4         690.4
   12.9  28541  -66.3                         289     71  717.0         717.0
   10.0  30080  -64.9                         285     82  776.3         776.3
**** Station information and sounding indices ****
                             Station number: 10184
                           Observation time: 950108/0000
                           Station latitude: 54.09
                          Station longitude: 13.39
                          Station elevation: 6.0
                            Showalter index: 18.09
                               Lifted index: 29.07
    LIFT computed using virtual temperature: 29.07
                                SWEAT index: 71.00
                                    K index: -26.10
                         Cross totals index: 6.80
                      Vertical totals index: 16.80
                        Totals totals index: 23.60
      Convective Available Potential Energy: 0.00
             CAPE using virtual temperature: 0.00
                      Convective Inhibition: 0.00
             CINS using virtual temperature: 0.00
                     Bulk Richardson Number: 0.00
          Bulk Richardson Number using CAPV: 0.00
  Temp [K] of the Lifted Condensation Level: 264.49
Pres [hPa] of the Lifted Condensation Level: 983.60
     Mean mixed layer potential temperature: 265.77
              Mean mixed layer mixing ratio: 2.04
              1000 hPa to 500 hPa thickness: 5307.00
Precipitable water [mm] for entire sounding: 5.31
Description of the data_columns or sounding_indices.
[Unknown INPUT type] [Unknown INPUT type]
===============================================================================
Interested in graduate studies in atmospheric science? Check out our program at
the University_of_Wyoming
===============================================================================
Questions about the weather data provided by this site can be addressed to
Larry_Oolman_(ldoolman@uwyo.edu)
===============================================================================
