***** 10184 Greifswald Observations at 00Z 03 Jan 1995 *****
-----------------------------------------------------------------------------
   PRES   HGHT   TEMP   DWPT   RELH   MIXR   DRCT   SKNT   THTA   THTE   THTV
    hPa     m      C      C      %    g/kg    deg   knot     K      K      K
-----------------------------------------------------------------------------
 1016.0      6    0.8   -2.2     80   3.22    340     10  272.7  281.6  273.2
 1000.0    129   -0.1   -3.1     80   3.06     10     19  273.1  281.5  273.6
  930.0    706   -4.1   -6.7     82   2.50      5     23  274.7  281.8  275.1
  925.0    748   -4.5   -7.0     83   2.46      5     23  274.7  281.7  275.1
  850.0   1407  -10.1  -10.6     96   2.02      5     20  275.6  281.4  275.9
  839.0   1507  -10.9  -11.2     98   1.95      6     20  275.7  281.4  276.1
  833.0   1563   -9.9  -13.0     78   1.70      7     21  277.4  282.3  277.6
  814.0   1741  -10.5  -15.4     67   1.43      8     21  278.6  282.8  278.8
  748.0   2387  -14.5  -22.5     51   0.84     15     23  281.0  283.6  281.2
  700.0   2887  -17.5  -20.0     81   1.12     20     25  283.1  286.5  283.3
  698.0   2908  -17.7  -20.0     82   1.13     20     25  283.1  286.6  283.3
  638.0   3576  -21.9  -25.4     73   0.76     19     27  285.7  288.1  285.8
  530.0   4912  -32.5  -35.0     78   0.37     16     30  288.5  289.8  288.6
  503.0   5278  -35.3  -41.3     54   0.21     15     31  289.4  290.2  289.5
  500.0   5320  -35.5  -41.5     54   0.20     15     31  289.7  290.4  289.7
  481.0   5588  -37.9  -44.9     48   0.15     14     32  290.0  290.5  290.0
  400.0   6830  -48.7  -56.7     39   0.04     10     37  291.6  291.8  291.6
  384.0   7098  -51.1  -59.1     38   0.03     12     41  291.9  292.0  291.9
  350.0   7698  -53.7  -64.7     25   0.02     15     49  296.2  296.3  296.2
  329.0   8097  -53.9  -66.9     19   0.01     17     56  301.2  301.3  301.2
  308.0   8521  -54.1  -67.1     19   0.01     20     64  306.7  306.7  306.7
  303.0   8626  -54.1  -67.1     19   0.02     20     63  308.1  308.2  308.1
  300.0   8690  -54.3  -67.3     19   0.01     20     63  308.7  308.8  308.7
  271.0   9336  -56.5  -70.5     16   0.01     17     54  314.6  314.6  314.6
  251.0   9824  -53.3  -69.3     13   0.01     15     47  326.3  326.4  326.3
  250.0   9850  -53.3  -69.3     13   0.01     15     47  326.7  326.8  326.7
  243.0  10033  -54.3  -70.3     12   0.01     12     46  327.9  327.9  327.9
  200.0  11290  -52.1  -69.1     11   0.02    355     37  350.1  350.2  350.1
  185.0  11795  -51.3  -68.3     11   0.02    346     34  359.3  359.4  359.3
  172.0  12265  -52.7  -69.7     11   0.02    337     32  364.5  364.6  364.5
  150.0  13150  -51.3  -68.3     11   0.03    320     27  381.5  381.6  381.5
  134.0  13882  -53.3  -69.3     13   0.03    313     29  390.4  390.6  390.4
  109.0  15216  -52.9  -68.9     13   0.03    300     33  414.9  415.1  414.9
  100.0  15770  -55.5  -72.5     10   0.02    295     34  420.2  420.3  420.2
   85.9  16731  -58.9                         295     40  432.0         432.0
   75.5  17543  -57.7                         295     45  450.8         450.8
   70.0  18020  -58.3                         295     48  459.3         459.3
   61.6  18818  -59.5                         289     50  473.7         473.7
   55.7  19439  -63.1                         285     52  479.4         479.4
   50.0  20100  -62.7                         280     54  495.3         495.3
   43.1  21020  -62.3                         279     57  517.8         517.8
   37.1  21940  -66.3                         277     60  530.2         530.2
   30.0  23230  -67.1                         275     65  561.1         561.1
   28.6  23517  -67.3                         274     67  568.3         568.3
   25.6  24185  -64.9                         273     72  593.4         593.4
   20.3  25572  -71.1                         270     81  615.2         615.2
   20.0  25660  -70.1                         270     82  620.9         620.9
   18.5  26125  -66.5                         268     85  646.1         646.1
   10.1  29770  -66.3                         255    108  768.9         768.9
   10.0  29830  -66.5                         255    108  770.3         770.3
**** Station information and sounding indices ****
                             Station number: 10184
                           Observation time: 950103/0000
                           Station latitude: 54.09
                          Station longitude: 13.39
                          Station elevation: 6.0
                            Showalter index: 7.34
                               Lifted index: 7.18
    LIFT computed using virtual temperature: 7.18
                                SWEAT index: 97.02
                                    K index: 12.30
                         Cross totals index: 24.90
                      Vertical totals index: 25.40
                        Totals totals index: 50.30
      Convective Available Potential Energy: 0.07
             CAPE using virtual temperature: 0.10
                      Convective Inhibition: -19.10
             CINS using virtual temperature: -17.88
                           Equilibrum Level: 838.81
 Equilibrum Level using virtual temperature: 838.72
                   Level of Free Convection: 847.57
             LFCT using virtual temperature: 849.91
                     Bulk Richardson Number: 0.01
          Bulk Richardson Number using CAPV: 0.02
  Temp [K] of the Lifted Condensation Level: 268.68
Pres [hPa] of the Lifted Condensation Level: 941.08
     Mean mixed layer potential temperature: 273.41
              Mean mixed layer mixing ratio: 2.94
              1000 hPa to 500 hPa thickness: 5191.00
Precipitable water [mm] for entire sounding: 7.70
Description of the data_columns or sounding_indices.
[Unknown INPUT type] [Unknown INPUT type]
===============================================================================
Interested in graduate studies in atmospheric science? Check out our program at
the University_of_Wyoming
===============================================================================
Questions about the weather data provided by this site can be addressed to
Larry_Oolman_(ldoolman@uwyo.edu)
===============================================================================
