***** 10184 Greifswald Observations at 12Z 06 Jan 1995 *****
-----------------------------------------------------------------------------
   PRES   HGHT   TEMP   DWPT   RELH   MIXR   DRCT   SKNT   THTA   THTE   THTV
    hPa     m      C      C      %    g/kg    deg   knot     K      K      K
-----------------------------------------------------------------------------
 1025.0      6   -7.1  -11.3     72   1.58    130      8  264.2  268.6  264.4
 1013.0     94   -9.1  -13.2     72   1.37    142     16  263.1  266.9  263.3
 1000.0    190   -9.9  -13.1     77   1.40    155     24  263.2  267.1  263.5
  998.0    205  -10.1  -13.2     78   1.39    155     24  263.2  267.1  263.4
  992.0    252  -10.1  -13.4     77   1.38    154     24  263.6  267.5  263.9
  985.0    307   -9.1  -13.2     72   1.41    154     25  265.2  269.1  265.4
  965.0    466   -8.9  -14.9     62   1.25    153     26  266.9  270.5  267.2
  939.0    678   -8.3  -17.3     48   1.05    151     27  269.7  272.7  269.8
  925.0    795   -6.3  -13.3     58   1.49    150     28  272.9  277.2  273.1
  914.0    889   -4.7   -9.7     68   2.01    149     28  275.4  281.2  275.8
  870.0   1276   -6.5  -12.5     62   1.69    146     27  277.5  282.4  277.8
  859.0   1376   -6.7  -15.7     49   1.32    146     27  278.3  282.2  278.5
  853.0   1430   -6.9  -15.9     49   1.30    145     27  278.6  282.5  278.8
  850.0   1458   -6.7  -15.7     49   1.33    145     27  279.1  283.1  279.3
  841.0   1541   -6.3  -15.3     49   1.39    143     26  280.4  284.6  280.6
  818.0   1758   -7.3  -16.3     49   1.32    139     24  281.6  285.5  281.8
  807.0   1863   -6.7  -15.7     49   1.40    137     23  283.3  287.6  283.5
  796.0   1970   -7.1  -16.1     49   1.37    135     22  284.0  288.2  284.2
  779.0   2139   -7.1  -17.1     45   1.29    132     21  285.7  289.7  285.9
  715.0   2803  -10.7  -18.7     52   1.23    118     15  288.9  292.7  289.1
  700.0   2966   -9.7  -34.7     11   0.29    115     13  291.7  292.7  291.8
  699.0   2977   -9.5  -36.5      9   0.24    115     13  292.1  292.9  292.1
  670.0   3303  -11.1  -39.1      8   0.19    118     13  293.8  294.5  293.9
  656.0   3464  -12.5  -46.5      4   0.09    119     13  294.0  294.4  294.0
  546.0   4833  -23.1  -32.1     44   0.48    130     13  297.2  298.9  297.3
  500.0   5470  -28.3  -38.3     38   0.28    135     13  298.5  299.5  298.5
  400.0   7030  -41.3  -54.3     23   0.06    180     16  301.2  301.5  301.2
  341.0   8096  -50.3  -65.3     15   0.02     88     15  303.1  303.1  303.1
  332.0   8271  -50.3  -67.3     12   0.01     73     15  305.4  305.4  305.4
  309.0   8739  -52.5  -76.5      4   0.00     32     15  308.6  308.6  308.6
  300.0   8930  -53.7  -77.7      4   0.00     15     15  309.6  309.6  309.6
  288.0   9191  -55.7  -78.7      4   0.00     12     15  310.3  310.3  310.3
  278.0   9417  -55.5  -76.5      6   0.00      9     15  313.8  313.8  313.8
  250.0  10090  -58.3  -72.3     15   0.01    360     16  319.3  319.3  319.3
  200.0  11500  -55.5  -77.5      5   0.00    335      3  344.7  344.7  344.7
  190.0  11828  -54.7  -79.7      3   0.00    323      4  351.1  351.1  351.1
  184.0  12035  -50.7  -79.7      2   0.00    316      5  360.8  360.8  360.8
  156.0  13114  -49.5  -83.5      1   0.00    279      9  380.3  380.3  380.3
  150.0  13370  -50.5  -83.5      1   0.00    270     10  382.9  382.9  382.9
  100.0  15970  -59.7  -89.7      1   0.00    290     18  412.1  412.1  412.1
   70.0  18180  -63.3                         270     26  448.6         448.6
   69.1  18260  -63.3                         270     26  450.3         450.3
   63.5  18784  -61.5                         273     29  465.2         465.2
   50.6  20178  -67.3                         280     35  482.8         482.8
   50.0  20250  -67.3                         280     35  484.5         484.5
   31.5  23037  -68.7                         271     38  549.1         549.1
   30.0  23330  -69.5                         270     38  554.6         554.6
   20.0  25710  -75.7                         260     73  603.8         603.8
   18.3  26219  -76.9                         262     77  615.5         615.5
   12.5  28395  -77.3                         270     93  685.0         685.0
   10.7  29294  -71.9                         274     99  735.8         735.8
   10.0  29690  -71.9                         275    102  750.2         750.2
**** Station information and sounding indices ****
                             Station number: 10184
                           Observation time: 950106/1200
                           Station latitude: 54.09
                          Station longitude: 13.39
                          Station elevation: 6.0
                            Showalter index: 13.17
                               Lifted index: 24.79
    LIFT computed using virtual temperature: 24.82
                                SWEAT index: 67.00
                                    K index: -19.10
                         Cross totals index: 12.60
                      Vertical totals index: 21.60
                        Totals totals index: 34.20
      Convective Available Potential Energy: 0.00
             CAPE using virtual temperature: 0.00
                      Convective Inhibition: 0.00
             CINS using virtual temperature: 0.00
                     Bulk Richardson Number: 0.00
          Bulk Richardson Number using CAPV: 0.00
  Temp [K] of the Lifted Condensation Level: 258.85
Pres [hPa] of the Lifted Condensation Level: 926.05
     Mean mixed layer potential temperature: 264.62
              Mean mixed layer mixing ratio: 1.38
              1000 hPa to 500 hPa thickness: 5280.00
Precipitable water [mm] for entire sounding: 5.37
Description of the data_columns or sounding_indices.
[Unknown INPUT type] [Unknown INPUT type]
===============================================================================
Interested in graduate studies in atmospheric science? Check out our program at
the University_of_Wyoming
===============================================================================
Questions about the weather data provided by this site can be addressed to
Larry_Oolman_(ldoolman@uwyo.edu)
===============================================================================
